0.14335669142929
0.152336662602229
0.123344861558594
0.166114945239363
0.103760524691513
0.10022113993223
0.101020405273304
0.109301798805139
0.152841932731061
0.140551327451031
0.103470262206606
0.167570482596727
0.197157387159553
0.15141578322306
0.149349285573091
0.156414888172687
0.100190008491617
0.102791234277618
0.210057531375578
0.112943579891678
0.100801916448902
0.24579470347975
0.205516531962238
0.109806554144795
0.131756403408673
0.135169396986117
0.198984976842684
0.10856028076187
0.113245039891689
0.154458379275811
0.128711382417406
0.264242751526482
0.127163303867946
0.151989311379423
0.105145826101588
0.105849079191907
0.106314744330769
0.136780314932123
0.107061732170235
0.252068183435456
0.111202693001239
0.113371003525983
0.100283077892647
0.143370540868891
0.11560486609077
0.128554714938135
0.246262028043556
0.104194462350413
0.163330648900513
0.104007887039541
0.102117022221636
0.148602314532484
0.115406888125582
0.108257441658168
0.118844121393624
0.201045980125826
0.309411064516603
0.104111899908264
0.108155135909348
0.104413563840827
0.321327634192307
0.163017136900397
0.138492077425025
0.145335974973084
0.107431886901749
0.119783775660992
0.106405640662069
0.122502551790138
0.262256178126233
0.152662371090482
0.135687423956628
0.263713103434467
0.106839330692997
0.129941541403328
0.272780913950124
0.11451124737725
0.124019961958485
0.1643601826881
0.138663040936789
0.206552981924287
0.112677664544633
0.102742394535959
0.10205339757152
0.102652242918451
0.100423504562346
0.14048359530628
0.101358569988916
0.107603344613334
0.175115264132761
0.166930415790435
0.101523509301582
0.242204736366853
0.167906783799754
0.167595377989835
0.216814889548256
0.180260023055181
0.216868166746789
0.137563360002487
0.265485371114988
0.106148483776474
