0.779806830018197
0.593955261646123
0.523735341378575
0.649504375068408
0.905387998364926
0.805585573588301
0.568338723060524
1.20473822006687
0.65443676303954
0.591901020636782
1.0702070001086
0.586205649766542
0.685352106139175
0.728285383146328
0.570558456752573
0.524439375504846
0.520201883853634
1.02873132994046
1.80776135160037
0.714696651247368
0.606155782655968
0.522943098425777
1.21741606368071
0.897530738588843
0.681203036832695
0.532789295158962
0.523963128133683
0.62823582910772
0.582043166227275
0.658490062151017
1.20857311169185
1.86217218621118
0.620357210922918
0.583557160293811
0.756024000191295
0.737026008398057
0.594450196061671
0.541787251473264
1.35133741566487
0.6041122175143
0.751145663241593
1.45755767621633
2.31177127778298
1.38444144026468
1.49848517749547
0.850699075934382
0.577810346232094
0.931441996967908
0.524907862534609
0.501823252151106
2.22157469385274
0.682297842442736
0.551618170724652
0.725878944538773
0.952630353614288
0.581980480815221
0.648167204257677
1.13981732003697
0.79582541711303
0.58527149672321
1.25674368485251
0.532671280861673
0.544653019721282
0.532753145234614
0.831487390925429
0.572929388241385
0.659171634216627
0.613903442065269
0.580255251490195
0.630707211719395
0.501874738362837
0.501490165960168
0.713842822434023
0.549855723754559
2.71034565482198
0.545412924993532
1.79581795388704
0.523220448575742
0.510150929732013
0.51091089317646
0.837771999150818
1.00561294311061
0.899568306394254
1.2112809953789
0.61189245399144
1.56290572459544
1.76502784139026
0.510178106857975
0.530570627940395
0.633650978219139
0.905499338880096
0.982003709017945
0.937965466497181
1.32195484976304
1.82951124753855
0.674940787531425
0.730650385715917
0.712642480798884
0.656452656887746
2.10441169592914
