-0.0687828380383317 -0.734515990335827 0.130450306554684 -1.61884019275277 -0.999025952521336 0.335163616671563 0.0981147109150995 -0.000666596156483568 0.428088938191405 -0.57858341867382
-1.22321799638276 -2.1651656582771 -0.00841149017742993 0.801288393871938 -0.553556869141063 -1.2604891172838 -0.626516633396183 0.628633844499529 -0.942992020537807 -1.31339340468721
1.17320255865612 0.193727890397664 0.662895793891175 -0.521789558335361 1.11646159182416 0.850905491625552 2.6537844007506 0.687717937817105 -1.31699341492683 -1.44151933622284
-0.673882882931998 -1.687941603577 -0.716285626873176 2.25086869483439 0.470177724423511 -0.245103776533998 1.51505213620817 -0.776008643339554 -1.24570633180314 -0.74150467151577
0.467125726831932 0.362638524756179 -0.165215574671187 0.853241279701656 1.25368074821758 -0.514545810300213 0.621306981352748 0.818887988125662 0.585725969104027 1.34086724828426
0.638725101824697 -0.0291231038182564 -1.13309175271871 -0.992057412663108 0.610914709949566 0.495368964982687 0.0112186305692563 0.88481125487145 1.0239533132973 0.00304878473683656
-0.0441754742158873 1.03755096335906 0.726099278070556 1.78787776387554 1.81106447441526 -0.613669201853635 0.517859325998541 0.395990810610497 -0.360985484961688 0.429563710880313
-0.199873519255799 -0.77715732732616 0.364925036777761 0.388200343151205 0.910679054148508 0.41188446463769 -1.18338833974786 0.909462525494719 0.0579144373827294 -0.257276955490633
1.37707016717442 1.29531565722902 -0.53016778172597 -0.846302386236275 1.42714271378207 0.240129201636075 1.1905038469452 -0.610291270912594 0.975367733358872 1.04999281656447
-1.28962871633589 1.05103444970007 0.178283995716838 -0.105872485511579 0.00144329583223457 1.21348514200796 0.704052493112885 0.247170855217871 1.35389143079784 1.05526686396703
0.0698131893779337 1.63703162180513 0.415502790653095 1.6905155752785 -0.910954597777674 0.15048386554953 0.404759612591968 -0.734096081620827 -0.267185066331885 0.630320270554087
-0.440260129204757 -1.64606846097357 0.148578618638092 0.257084348576321 -0.515475760280213 0.902269784163954 -0.894015564014662 -0.351470748516689 0.119819792182872 -1.26761225692751
-0.12508089193368 0.76889074083158 0.164361668662292 0.335980186985851 0.0234053711499453 0.0937022560209588 0.845629273339661 0.254156062402817 -0.379783924930119 0.815236509602154
0.728466628482613 0.878043715862188 -0.000832891244135547 -0.719943266744624 0.592670191826045 0.878287684945223 0.885015964410431 0.229169411227115 1.76329006329027 0.406928195673237
0.509353771407788 1.96885249496214 0.664828993119364 0.98930053459258 -0.704680617588447 0.0219738840224499 0.124078865787293 0.351918400058264 0.405221117731061 -0.670428982763207
-0.345644450535739 -0.459910790000629 0.261380721419555 -0.235218830597762 1.63947929764389 0.0516756242143603 -0.266882045056953 -0.662345801835315 0.0839772174461675 -1.21422978806225
-0.484348436435793 0.284551186617414 0.457517484806603 -1.46200613549144 -0.190711129238837 -0.037069505864531 -1.85221172937151 0.302206178064033 -0.926367358267648 -0.383522872566064
-0.402542022586301 1.52503223627794 0.310207787285267 -0.788748209332498 -0.422845146067773 0.598308642623512 0.368088371073685 -0.193765076288492 -0.686832987703376 0.627262408244229
-0.296071475637344 0.336140422428778 2.0051494402104 1.17997171191946 0.216845076633866 -0.00179735911104095 -0.117902591513455 -0.278306835056151 0.423684666213127 0.855913625057941
0.455462939925093 -0.345093353804165 -0.475147820043959 0.195640737517468 0.2085962381116 -0.0204805144458524 0.233889856092578 0.00839808361493821 0.0598199073519212 -0.175645877436849
-0.889122333375874 0.376107246841264 -0.157560635209757 0.508020319657682 -0.514548278782324 -0.489292141620696 0.4991706220428 -0.407059348967239 -0.637547380888561 1.12456954219107
-0.754865471696011 -0.260795671930426 -1.37576237618936 0.303841642605247 0.618029548086516 -0.014440988994848 0.162999670564985 -0.0906225349897407 -0.132472345088299 1.02063962377956
0.516600751358078 -0.0907627049397903 0.302352934604148 -1.42469291784252 0.052713827603222 -0.125981899418107 0.043821110920395 -0.147368694267983 0.474405084329167 1.23764275946577
-1.26793972019612 0.390154361958305 -0.40013995291272 -0.461321351244675 0.399638550332146 -1.29009167608132 2.00297277852924 -0.722867829210369 -0.0374309805296433 0.432573275050589
-0.118177012917832 0.459938020999747 -0.173576479619359 -0.632088748287373 1.08379755498186 1.12396557646766 -0.247039936737584 0.039046769541158 -0.579813732873351 -0.613974375289055
0.177049601799476 -0.197590185096749 -0.600393180082332 0.722582607989574 0.87459316081822 1.42129141654719 -1.57140620987968 -0.0884811751727117 -1.25458498858148 -0.140033811332355
-1.55433183782841 -0.168810752425158 1.11048635624158 -1.37069254473718 -1.11757252842975 -0.098485039457445 0.363686961565525 -0.763002634987661 0.739357358670569 -0.319039979455389
-0.144923955623053 0.0558278413484858 0.554411157993324 -1.08174522586639 0.397489517545766 0.884900629507593 -1.03615473651195 0.953806190028573 -0.91329232258525 -1.20924511660751
-1.30971506193751 2.28263110821021 0.200397324912099 1.04976400635224 -1.0807561992758 0.192781629462119 -0.68681861255937 -0.816320920688797 -0.216613146985248 -0.454293748810236
0.795911744635993 -1.93042832817187 -0.0776145629994747 -0.526145834489401 -0.232470063162668 -0.848423817766419 -1.64451158854101 0.939461326107008 0.0554335953770122 0.295315720626953
0.396965839273034 -0.65642447533829 1.68616577336998 0.612958412312024 -0.148023735950187 -0.027954672307904 -0.484075776740542 0.618804301573217 -0.440131231574661 0.968312021688038
-0.127673432689495 -0.0938801404171534 0.0428046712471524 -0.214350760364894 1.24927368747935 0.0423639311410198 -0.107694952810372 -0.63364969061077 -0.0873286948690661 0.296766044434844
-1.25019110395549 1.06609506255617 -1.12907296658624 0.391426321468673 -0.486248784871462 -0.769070971154138 0.580625524443648 0.509430559109713 0.351276246573933 -0.548577107818913
1.68016237644219 -1.50759108046411 1.17362834240788 -0.459877695070639 0.954072613244871 0.520981221483027 0.187082433225086 0.394531334788325 -0.308730382923858 -0.766581662336096
-0.752056345506319 -0.308301619583109 1.35845400639036 0.539628472861147 -0.17983120308829 -0.191539314174266 -1.58221550100471 -1.32570796444377 -0.719358469055116 0.535927122504567
0.363267248026963 1.05262101075832 -0.657733730935635 0.174949495154223 2.30456131540357 0.662671821983889 2.00100367974937 0.313725152620858 -0.377753640769567 0.55178663611715
0.911908622322601 -0.0754535679364525 -0.464985835544163 -1.30575195042187 0.12947021989645 0.163446260145796 0.834959256157103 -0.459859791548272 0.633823953381749 -0.356164936764515
0.776469399100701 1.25417807810013 0.293808040861788 1.10178888339175 2.08737346335879 -0.474787123234302 1.48173175088374 -0.421507431684904 0.276799466647887 0.181383507483303
1.04300746848803 -0.0745561966931589 0.365869464767346 0.0484255590889966 0.51044933021775 -2.03240622944232 -1.87384379775435 -0.599043840687628 -0.896102205303362 0.635902509838048
0.0186318231847555 -1.85918448116969 0.229410668414962 1.38910757760418 -0.755570975840998 0.106463833028433 -1.21681698913999 1.87377439437834 1.44728123205471 -0.156090258054106
0.372073623491291 -0.74604099309741 -0.903910075973405 -0.54662788264422 0.0211954440138549 -1.11873709215953 -0.272579019393157 1.05638569633651 -0.349725339906867 0.246251743317317
-0.284843053941169 0.967972990526575 -0.163958643101194 -1.39290935761163 0.202177276684566 1.14622123404699 -1.22862288595581 0.20273990450927 -0.335757561994118 0.398949930226526
-0.121476237759902 0.929699963358245 0.423100108651189 0.731956122968628 0.921662599201601 -0.537196270309045 -0.267435618432935 0.661832925831591 -0.634705750440282 0.681566800768557
-0.794019951116663 0.172919635278454 0.834953621020995 -0.795527343844201 1.05222241558396 -0.275639488243642 -0.288768581735375 0.400797822655703 -0.687368896954759 0.164403430146115
0.204852608134656 -0.243249053837248 -0.0223172677062222 -0.37780798781543 -0.892066890370798 0.753845094936636 0.14700638413793 0.729493845452417 0.0697911501994286 -0.295648272664129
-1.11427284434977 0.684780544248027 1.09563148840473 -1.34927573177662 -1.26750712133543 1.47435041870652 -0.961329701183742 1.05411476035769 1.70885345512703 -0.398015659965394
-0.0804569059698073 0.688618742194337 0.887218791026309 0.854254286191056 -0.699609152632323 -1.1893664775264 -0.368340004211979 -0.988947158258542 0.377599884181495 -0.603649456230373
-0.621351131128629 0.0338591867170486 1.01723227790894 -0.188924469968904 -1.33401873313053 0.0518414681517259 -1.08237476830516 0.974013717875155 -0.979216593456414 -0.520894494223705
0.117417852160352 -0.297243053572142 -0.538232095892093 -0.951227643156208 1.01428017831781 0.608915133906428 1.10506505786603 0.113181697108593 0.149264470800307 -0.628459669759997
0.323904636722109 0.484230910291974 0.646081905474682 -1.08147186698371 -0.645432664408747 1.00988444163476 -0.496540672311762 0.794011041478987 -0.343425799656444 0.125612041738131
-1.44965547405407 -1.24389035451582 -0.632834700112894 -0.540552428896429 1.03180995215898 0.425502350379757 1.57975557722773 0.354335606148436 1.16935124858282 -0.255065764561239
-0.389662074268064 1.10883781465223 0.660960343721515 0.563317015973031 1.0220254998798 1.93480392300296 -0.543825176363418 0.551164285141469 -0.0403061001061076 0.286369690099264
0.914558196938253 -0.182524684832187 -1.59874946716668 -0.327638493412375 1.52525972770755 0.21251760924011 2.23934164378346 -0.148720411487954 -0.402797342472309 0.125608061314799
-0.722721120331013 -2.10466393936801 0.739771887249079 0.368667879409185 0.416081023140296 -0.0294490578927566 -0.768025926244981 -0.610373059069763 0.209673383577383 -0.424198189366224
-0.0282716247476891 -2.19417782339567 -1.10945742998085 0.106705642154335 -0.401403058481961 -0.655868979740868 -0.50311768655394 -0.0812867196965279 0.631702433505924 -1.2922865279495
0.876339486911755 0.817481759581596 0.475517693705076 -0.161930095108392 1.20579033152445 0.727743379437344 0.745178993347171 0.00266818852903317 0.815196754787967 -0.97362846198477
0.252462448632158 -0.177418452113209 1.13414998687371 -0.115353694981962 0.638064238074394 -0.357739835666149 -0.656689913011002 0.701710935342634 -0.278781994282772 -0.177532043724073
1.08263319911734 0.223174506413876 -0.909950234639825 -0.981964015499407 0.165996178010575 0.704844228251578 -0.410649193606256 0.207556943115441 -0.192611235113376 -0.206544909145177
-0.976126849078271 -0.737086235920385 0.128859852224677 1.32436178638092 0.469978214242201 0.256933078808352 1.61193599594889 0.0654726416072435 1.06591717059282 0.262789654484321
-0.864762171076132 -0.278560841503471 -0.38456955434134 0.195550510674372 0.136151252413959 -0.115827694785758 0.182399031850604 0.0629699475957712 -2.07958431134578 0.463409888578713
-0.283870174451102 -0.73494982789259 -0.231231859224656 -0.171088530782008 -0.576331045425006 0.221616183568005 -1.04803991374989 -0.181577793617388 -0.858540297353342 0.611425753952316
0.0625124418327412 0.426186480626825 0.736510181233131 -0.309924326245565 1.72981665422309 0.109273037801965 -1.94949515659384 -0.406869831638615 0.220615558016573 0.0292374990240427
-0.891099935846554 1.33399699490137 0.506220971486226 1.08923849717875 0.24599470685249 0.244287701057113 0.59440319232192 0.514719728119339 -0.36822109374535 1.58632548926632
0.731353011715865 -0.696054356709776 0.605339308563173 -0.027328208584662 0.700895663431721 0.0780095940246246 -1.53437932010447 -0.72750158864398 0.390428724043542 0.503522672372217
1.19482048470939 0.00831805012082132 0.691788586082556 -1.34436267117896 0.428778503517557 1.85066027637304 -0.260710130087888 0.965982550851448 -0.684899954862367 0.0923522758796254
-0.134713055108788 0.0670239479528956 -1.78405781426789 -1.26874022112599 0.138110933772709 0.261288146668454 -0.319452394453679 -0.393834428360595 0.855705927920739 0.0886184387150486
0.638119797957201 0.41787651695795 0.255724412786828 -0.289690032243211 -0.266387058992267 -0.273612549746317 1.97984107556776 -0.451632741727658 0.0538095936948757 0.289469433847547
1.42702537144848 0.00387720548901438 -1.0308095184376 -0.511606380130429 -0.128201647200894 1.24136125566209 -1.1427929520692 1.24861790085702 0.151788168778995 0.00894196670353553
0.970345714208331 1.45669948295544 0.908758474995298 0.630871994752562 -0.6198364277161 0.514275731883159 0.310531783602387 -0.00663451615113875 -0.171708398216414 0.603035635454348
-0.476829343557615 1.14504941353312 -1.30624260778236 -0.234046485116078 -0.16355491782457 0.0195516859214548 1.50815372856886 -1.06623991290431 1.02758100206012 0.0273838928263819
1.25312680340033 0.656821313076043 0.862083548857707 0.511054260685713 0.896725017266236 0.0744578739690829 1.04432413854014 -0.542236183224066 0.306562591520886 1.422810058335
-0.324419893412946 1.62963716948254 -0.206669951200208 0.78564637793527 0.506296061667892 -0.54033935857612 0.699431779893135 -0.213669759643982 0.544258119666196 0.340731810345899
-0.223364694704816 1.6727462881007 0.974014606493711 0.502988862761684 0.271852614449993 0.538402511559157 1.14426876832256 -0.00639384423124478 -0.440093885001863 0.218814034483346
0.079910545736537 -0.910750519142775 0.953827217401461 -0.281287072142989 2.35098492543437 0.19703371316705 2.50531711595 0.530291237891766 0.974581505528304 0.579192989233889
-0.352250159963529 0.571651773687424 0.302169485795728 0.343681152588864 -0.0519961760309078 0.327045200543213 -0.150318631068072 1.1423397137861 0.74390632117158 -0.974390574057398
-0.0405971178244942 0.345779803204947 -0.0669476506046567 1.4127656079378 -0.608122720134878 -0.130245351917686 -2.25761760010913 -0.607618229395166 0.446220700162289 0.137166876463705
0.810221521767463 -0.37176342203166 0.587322622315959 -0.670947525857033 -0.941216419465731 0.820630055436608 0.0893211524891298 0.662963321111046 -0.424734314872548 -0.0293846995974176
1.52272579085579 0.189777042053381 -0.515463821719806 0.386223203814617 2.21073320243597 -0.505701909232993 1.38783073684501 -0.231113954295718 -0.110599517387995 -0.579627478923076
0.452458482787146 -0.0980272515133636 -0.612262809214871 0.374819688658379 0.38439498620967 -0.254306945555266 0.562411893849145 -0.505697358683441 0.18399033185976 -0.478942491066143
-1.18276012239577 -0.695629550575577 -2.49318335102529 -0.490165893032456 0.247679353992941 -1.43091196706947 0.963492795681038 0.199876051348397 -0.223753849535669 0.1444296431788
-1.35295581785442 -1.08246754781303 0.0148448484853692 0.172615270185451 0.141559545789994 -0.666908696453572 -0.871293370950818 0.14544155218101 0.599062317571444 -1.45768153248537
0.0786028400624199 -1.20554998084951 0.951352769143456 1.23777342528748 0.249154036895557 1.1217488082176 0.430628611808774 -0.657989815606795 0.270152309465791 0.960286325504107
-0.232233694975039 -1.38352180807106 0.187494794884971 1.91369738929112 -0.411387106678601 0.287445449222628 -1.21519646765412 0.503412142670399 -0.852229549335873 1.10113868044937
0.344478552466696 0.0865118050910594 -0.640565583235651 1.19044314302164 1.35302976511752 0.982090703955514 1.70656736772531 0.72146721107148 0.514156053900034 0.0414496837609655
0.676198314300912 1.63749384972458 0.732948399610556 1.56872242392916 0.968426069619329 0.230549778407975 0.091138253908821 0.0375605322335515 0.39024650550432 0.734359910484117
0.177637733656776 0.547513777007167 0.109293352752234 0.717420640488055 1.058543404078 -0.0464556446002788 0.219833087573611 0.605378429551285 0.411406760145673 0.342196403784419
-0.0197569818668009 -0.217171013723413 1.15424394788282 -0.854695699821014 0.218798646682243 -0.124376648452006 0.532483223494935 -0.364316625885652 0.137153576607959 0.602505981818534
0.890980519151289 0.351626288451132 -0.320968852916039 0.115459018007643 1.4178822743605 0.826221986321926 -0.897893537998799 0.672012768912775 -0.577744425362426 0.407918757268274
-0.0155125526569571 1.29092558279029 0.0141312942968652 -0.469805171509278 2.07141274567593 0.0187518999108727 1.00625050901844 0.337685815563999 0.209085939308627 0.0453642159792647
0.131098602025646 -0.362506065008439 0.954446738961698 -1.35892357244248 -0.538984812778837 -0.569759514445938 -2.30276249424819 -0.132782632760912 -0.168354246795615 0.15452783959734
0.592503146416335 -0.703085482550586 -0.0455861661511858 -0.323161951115074 0.502231990228523 1.28230419826851 0.551579316408634 -0.182847384442791 0.390843320400549 0.278197758618908
0.831910552386727 1.02710260031445 -0.189680154166427 0.633411678154181 1.3128598761241 -0.24513719040064 1.36486905831494 0.646307651125471 1.27469752673192 0.144326517787355
1.3109858651413 0.94648559281191 0.764068095361892 -0.0111719425335997 2.06567425516654 1.08188824521019 1.26717380972601 0.22424126783265 1.28506514971239 -1.09734291037248
-0.717390420549944 -1.24832745289733 -0.360295718163648 0.760140468132751 -0.87069821242653 0.132258426775197 -0.636308809735937 -0.648639419014653 -0.0851560725840874 -0.105702650000988
-0.193666545700296 -0.0622397294531645 -0.0356230442625072 -0.184042667523939 0.533917168727593 0.950414782790837 2.29918160949533 -0.70998989862352 -0.14934018587161 1.0957349707755
-0.594021027129555 -0.861974383339343 0.135724155287649 1.13547157521605 -0.818149449402955 -0.0179022877470991 -0.576771661745549 1.18422743781062 -0.54161102131696 -0.304194372107767
0.0509952897309469 -0.482540992174205 0.171127670810962 -0.308318558061895 -0.81682311313758 1.14326615535552 -1.03045684577928 -0.533943463449633 -0.261488146763364 0.568790989509814
-0.794232138657606 -1.52500154449952 1.32083427654801 -0.469163653509681 -0.52959040682077 -0.388060380537162 -2.74873595053867 0.0389924412570932 -1.84779200937746 0.0280758257047546
0.749185152025566 0.551420637740248 -0.00888026699984357 0.126047006719713 0.686138654322293 -0.616477068034655 -0.316495850106818 -0.0444041350358213 -0.333663229942503 -0.251291387397385
1.0913646743421 -1.08541112988732 0.80411966249094 0.243759242458436 -0.685630398259499 0.44846671001814 0.539956359599985 -0.762832577635737 0.747088498140405 -0.0229839440680113
