0.0175590588788896 1.34369719407514 -0.389252602585813 0.416244783983108 0.100532663539934 0.121150966644221 2.0066949721627 -0.600840807131827 -0.70831967365788 0.376620225180166
-1.60514068258961 1.23470458836642 1.05570290387783 -0.0519837800146696 -1.82140714748582 -2.01132749830885 -0.922236456859706 0.236115038391598 -1.1525591701973 -0.48703985725389
1.30168568341079 0.217683826207627 -1.98388177631793 1.76107242489392 -0.25145164707205 -0.659631598341315 0.209233683763463 0.897212293462669 -0.479619501731825 -0.0343553510710024
-0.350357954217152 0.530478656181022 -2.532650694846 0.523100199362096 0.35943607975152 -0.112409951290803 1.66288599758983 -1.89417330635552 0.854126133479755 -0.161854552280492
3.50426754298255 -1.22719314124647 1.48614051301257 0.308240919712943 2.02243184274152 0.148976301502441 0.339258528849203 -0.469894972496561 0.407407648768508 0.915442107633143
1.01622140205092 -0.386146561912189 1.4154021829084 0.0796226139451082 0.354766369000666 -0.577939313213551 -1.90130666773727 0.0481580514866855 -0.0442214133511576 0.911485199876031
1.30337378504527 -0.312539038633928 -0.153561737221247 -0.24820568549061 0.184534640253551 -0.348464147573085 0.114130351304545 1.00605599570935 0.783355232343063 0.11022656747357
-0.779617795276705 0.0871522799270275 -0.8532153456982 0.674674533792718 0.36822426945292 -0.583420886498631 1.03669979461598 -0.528366090780368 -0.39366198366446 1.0117106064065
0.894326740485186 0.370370455179376 -1.13076095970348 -0.326209844726474 0.840015080703863 -1.74604138867836 1.6860140171929 0.409577237783227 0.836002376033378 0.0844353101312989
-0.26035905165944 -0.41747597806346 0.201429472821964 0.716688272372783 0.47354529883365 1.41441391430254 -0.292863314237669 -0.414671097535501 0.745588187248691 -0.202136128358441
-0.98535898022032 -0.463580511172888 0.794139776697746 1.04503760706465 -0.260651685703026 1.00205760890669 0.92392125342577 0.17963329373132 0.176635680948499 -0.226246695780567
-1.52183896531983 -0.121901875420814 0.851229298512653 0.682580422640379 -3.28464127430213 -1.00852378173707 -0.600202221891364 1.08845325930241 -1.9301674310205 0.0902910183528354
1.27799544176126 0.172928954452053 -0.187445304030535 0.726757154310386 -0.492397375476333 -0.586637416324266 0.721455651382847 -0.641412980724099 0.164233908756573 0.515790985570175
0.423573253495958 -0.363127346230996 0.0326420020445162 -0.112264293731418 1.64254247969085 0.440466574672895 2.08090349306364 -0.563940581472684 -0.887134568569108 0.32336422923128
0.334278862890482 -1.31748083527349 0.788900398734718 0.20232616949705 0.690934123457112 1.92650617309172 -0.323334408239184 0.81472984647071 -0.0903677576977984 -1.81681626768873
0.71188539866331 -0.246691902695142 1.34960094796279 0.99879921226886 1.59553514209662 -1.0414603268275 -0.536199591041932 0.17124431085163 -0.69439989236775 -0.47577015519517
-2.00579778606898 0.998217747764528 -1.5605341904733 -1.34617266065674 -0.551098061485455 0.121017732184669 -1.35274508040327 -0.280286863828306 -0.0365004652148404 -1.14475342736067
-0.500139209760162 -0.53683110734202 1.07487166860734 0.798173021385778 -0.779759166145205 0.296206900752885 0.911596939529311 0.565783691985604 -0.790406150515679 -0.235395566952846
-0.164177064770659 -0.0273161824900926 -0.710320565857627 -0.475431832311944 -0.67239421929943 0.427607542021497 0.69347938818025 -0.915360396530192 -0.0470038607040824 -0.34405030224745
0.700720903151046 0.994318773599277 2.01279372196668 -0.293471330635332 0.759830310023307 -0.0970874155599613 -0.436500271840361 0.187501086823888 0.37179082605516 0.0661334954143233
-0.648919997659564 0.347875695488891 1.0248029072975 -0.631178848792204 -1.29429722718158 -0.663248870355928 1.7283326818514 0.411118904639301 0.661096610692588 0.462208559582905
2.56763568309132 -0.675608692893299 -2.98935807635405 1.00445735329276 1.37287365833204 -0.656263040280055 -0.683806008168875 -0.0374039609900161 0.00259314221413121 -0.17584013122187
-0.0336177017232711 -0.24488315777705 0.488504525239897 -0.846053135554368 -1.00573352998813 0.183752388817925 0.0890354605594379 0.214354183109803 -0.617028645777925 0.131238622636006
2.39980862851326 0.344649873835895 -0.699631863047605 1.7849154614842 2.11143692098937 0.257441299679034 -1.09348968518335 -0.036363347997125 -0.730128599323661 0.0488657895009941
1.9777580604477 -0.274193636442246 0.137717346257323 0.267111242883334 1.23526084035282 -0.0116797213591338 -0.41648880949018 -0.563978505235735 0.529901159168213 0.226836605778833
0.730983921797936 -0.907948018372589 1.57871943886572 -1.06259123835755 -0.157685264720608 0.149576922509189 0.305172669646292 -0.835126348411855 -0.628385306689469 0.136843948017836
1.00294293964091 -0.100836142385173 -1.14002349352255 -0.500782215684124 1.57704292921959 0.39688451999044 -0.18283284930308 0.14660544002432 1.05718797891046 0.058800246034157
0.753843695713832 1.37080489055273 0.364692989133677 -0.822104515830426 -0.945418712313125 0.509324033580784 -0.229101916449234 1.24429806309773 0.241876080415229 1.2258238662182
-0.0652447762517805 -0.50308999516496 0.619754764371897 -0.859559786651486 -0.679891192035559 0.0282115195120767 0.752398932095745 0.250800669963697 0.504256240605609 0.35441387988563
-0.977986135460316 -0.0472725579677885 0.0441724987840144 0.420997583498765 -0.268162138718185 1.7075130601649 -0.753081043026089 0.680674044741819 -0.130582909611871 0.540169036511383
-0.443214606561401 -1.12153462657788 0.907040822994223 0.0303480926635609 -1.97928420350812 0.223136787550738 0.857562078007255 -0.0365535624495887 -0.57566049735447 0.646075469103888
-1.54884126389257 -1.05100389542488 -0.418494110945464 0.143502907954335 0.606269303797331 0.399197924082755 -0.988795007580277 0.557004465382234 0.180463364764215 0.429015431500727
2.20037941128083 -0.726714813001831 1.74352028530288 -0.176774046189944 0.598791032305924 -1.22575878211989 0.841290008675106 0.421242758451853 0.076151683113747 -0.0423169946845556
0.620861565357528 -0.973590949835631 -0.0586623181330888 0.138312792484227 0.303875671686617 -0.617876553373333 0.840302304758044 -0.0855456644762405 -0.163506600473121 0.143372323596469
0.27677399239671 0.524040574108661 -1.50260327632441 -1.03465196281796 -1.57877126669274 -0.480664269546266 -1.1948417911208 -0.282394514793678 -0.346687173359304 0.0325341655751572
0.0492618825076856 -0.610716436139656 -0.168254744593076 0.963328276754938 -1.30325259059362 -0.0810052067060769 0.35202211392381 0.375621717045738 -0.230093324768428 0.588096465236436
3.18920003340237 -0.96984020126105 -0.357624188448134 0.682959686310799 2.59983218065944 0.0497989654269571 -2.26997843952004 0.605066195307419 0.0515186244996833 0.303430632463731
-1.02411302189375 0.0377351422962316 -2.01352196411199 -0.355253569570467 -0.514648305175816 -1.34352467182236 0.939446641128823 -0.563404790836037 -0.00717981235010523 -1.02981314129862
-2.51342652074496 -0.532321247256139 0.0235988627454744 -0.343285334760265 -0.491537331741666 0.586517220771404 0.505354297057778 -0.55290466457354 -0.25222296359604 -0.286607529614289
-1.473894695451 1.03376540725647 1.51411468810443 -0.265445675553044 -1.84563082160339 -0.481552476851964 0.105564598258947 1.49650702451707 -1.02929157035636 -0.0454356185826281
0.743716225734649 -0.28586399487134 0.329071548143959 -1.09268004637224 0.467026899662276 -0.472157087062801 1.44181881166691 -1.67384377212836 -0.511198772531751 -0.636571785255353
-0.452872296576763 0.036026944055084 -0.88802201746342 -0.105480994883131 0.141382033168982 -0.822763866384151 0.865167593242903 0.665401392870724 0.933405751224951 0.796346139421045
-1.32929447284863 -0.541707801399409 -0.685672033261383 0.165131374827886 -0.647811924618043 0.0965017897224021 0.492504762364322 -0.739128568974972 0.59095860028124 0.185323091243983
0.260016664484875 0.98309444576323 0.935096832518529 1.07773087764798 1.90816105258403 -0.166072358768071 0.400051752389467 -0.755458314157495 0.276261962900659 0.603610037905855
0.732162209823432 -0.26865969483881 0.899583296458071 1.02208918419345 1.1252688014742 1.43646607283571 -0.563205491476448 0.921415671821293 -0.254437313968847 -0.0387650334182743
0.415910318719242 -1.28800721604106 0.543176279196336 0.42800657588881 0.666510025951663 -0.490539206975899 -0.309063339948537 0.940163822879123 0.688342416629422 -0.553341318694442
-1.27639529852119 0.129291158079021 -0.332730412946343 -0.34887902910334 -0.786044247011955 -0.767996583038241 0.812976578872997 -1.06756195000577 0.834540546860903 -0.752403218728574
0.923440915591959 -0.75851128040152 -1.34080779296043 -1.26467062858191 -0.820120932006952 0.354034803977548 -1.87225842780374 0.817708125590514 -0.494488319041447 -0.871888432223429
0.686592001840293 0.0514708657727825 -0.898719856602904 -0.333122194446718 1.28775165270097 -1.6864313307509 -0.562757034572263 -0.193971626027171 -0.951785256811833 -0.266762915900218
0.717051694534521 0.805737471190287 2.48114253383699 -0.130089149154987 2.23162635685299 -0.300669796398925 1.36487898702005 0.402755369229598 1.3282745478727 -0.404112274852746
1.29595782030411 -0.0556345030634841 -0.869343558917441 0.0217831815145109 -0.0554956167629588 -0.714398121958293 -1.2726780808605 0.756878932828582 -1.45640294438963 -0.406793955358657
0.923278478798254 -0.850840282178989 -0.505277847053158 -0.595242749566947 0.583261711560477 -0.115291153679976 1.23451469000267 -0.461694372097377 -0.570734143979246 0.285655233106496
1.40777689036655 0.216201333129592 -0.402575606688941 0.0050631496251492 -0.443987289971337 -1.00665340205874 -0.312663683378333 0.0537147308262687 0.200814205421805 0.469662953069741
-2.08939767912454 1.05969555945433 -0.0552779124450673 -0.0261297213645104 -2.91301144500186 -0.333898376347618 0.506446281220013 -0.400290697496527 -0.66860804555069 -0.384929016936373
-1.71169373155733 0.498917977875744 -1.07411765208028 -1.60208802148638 -2.55531130638163 -0.478110146562959 -0.894075788728139 -0.647111772102802 -0.445725671032212 0.696122212941451
1.62659193691856 -0.564107554561625 -0.822336733336933 1.73530019534047 -1.80472232405784 -0.630533774422612 0.90110816474603 -0.384118223595757 1.59081283931464 0.236043353203581
-0.753279725116236 -0.572945880709986 -1.50888640075013 0.110548080464215 0.399970085175142 0.608939734711687 -0.0542097972699349 1.06233720280861 -0.844430863616716 0.580965066750628
-0.414081962221849 -0.794932653303054 1.11521978710844 0.199757981605439 0.921879459310694 0.075651260015106 -0.175847175237902 0.210685941021024 0.181622212645613 -0.831170960549925
1.26276557981289 -0.59713978298877 -0.0363612221843674 -0.477858761017685 0.369246765999858 0.385262593397722 1.22742260156433 -0.183939576552814 -0.60688878394672 -0.785946234399885
-2.66371178577099 0.967038659954255 1.05331576109969 1.44148560376582 -1.2591131577926 -1.54842674450266 0.398962215886804 -0.0829995725023864 -0.894579981673023 -0.668325057142567
-2.77031846516081 -0.49150177048724 -1.09361990134063 -0.571576802726147 -1.34756470733814 0.412211387350904 0.0797817080283488 2.0207758747353 -1.22022331162294 0.878363271144949
-1.94049288919949 1.86734353399001 -1.73672472108799 0.340388000369209 -1.6853639122358 0.832041848709116 0.820105654070464 0.121964070152389 -0.173855099242064 -1.69389430235728
-1.32061888847541 0.43132193937972 0.23122231964665 -0.195307480814518 -2.69476714476745 0.0419991840723064 0.927273512279359 0.0550052939905807 0.985190409200295 0.935037681209648
-0.836085975807264 -0.0412244405492351 -0.213992390524218 -0.118806794363768 -0.864110827460074 -0.389999048797946 -0.411452624979475 0.0147921478336621 -0.421029531186219 0.124063304199322
1.40753312820816 0.298641876876362 1.05040971111611 1.2187718838956 0.155833218254539 0.103598476452298 -0.311295460063053 1.45356564059433 0.216763788735874 -0.951212712310787
-0.536917633267292 -0.908797177367267 -0.765406638987941 0.230804647979656 -1.08992779468378 -0.0676740021426601 -0.0875911236104083 -1.22685375123895 0.0142964415957372 -0.797192360818967
-1.66953984975606 -1.27985317178382 -1.29100276344409 1.41442804307007 -0.683885723658949 -0.325985047665907 1.31806352385763 0.208480505577703 -0.506509407010845 0.0370280119424953
1.85852380592431 -0.588793927886997 1.06326226342678 -0.0355171810973269 1.11361944842755 1.88207364768059 -0.755444527066208 1.46890583948057 1.28537099598497 0.548889649637305
0.565845595994029 0.598535804986159 0.0510115125788968 -0.808558239138305 1.29286940996441 -0.290513658531966 1.62598999101016 0.439780183399804 -1.10538799652834 0.442283583270358
2.62314580422091 -0.980699241448012 -0.29907170224219 -0.405274546916865 3.28268210415421 -0.218687102121419 -1.23431452509863 -1.01184248676424 -0.0897133220941058 -0.549328173566757
-0.145564850953765 0.514510933492094 0.7428753463677 0.733671878652252 -1.64205306721909 0.56544376208145 0.530107161305647 0.937844534988699 1.09689725672563 -0.0699382763539544
-0.252932496827917 -0.601533613276631 -2.25583779993036 0.725098438572192 -0.856350075717326 -0.105254436003626 0.409102485555506 -1.4997996847128 -1.24786611147003 -0.0196167719233502
0.725514787786296 0.152940931822677 0.505661059692883 -0.347697984984614 -0.227275281865654 0.107345920064405 0.196192061814014 0.286854648453823 0.95287537747721 -0.19774532526719
-0.376405094789538 -0.722840093503033 0.891709879895098 0.0247207385081574 1.79721187835935 0.261763367105988 0.862500019382974 -0.959501890003345 -0.903641493552962 0.33047231518827
-2.22158020118523 0.0565111879741839 0.812822843420601 -0.506903334454309 -1.65651922676459 0.513500622863226 -1.04239218597439 1.35376737152648 -0.708513890883538 0.51092078590929
0.24679542779956 -0.841105494472184 1.7217853883221 -0.0621623670072384 -0.271633185403974 0.744059969078743 -0.839149787482975 0.908013821584804 1.07491030826802 0.0896849776004318
-0.895189891355015 0.412455511461713 -0.309209120158505 -0.0465561384852227 -2.24377366178134 -0.415212073795315 0.309281884897066 0.146752356785977 0.88741417662721 -1.00764027098277
0.880118490803056 -0.142876055885016 -1.67522104160051 1.290347170358 -0.750432507982731 -1.13181200397078 2.40915793810785 -0.0118126374467733 1.1693906902142 -0.351349974542419
1.60100355597538 -0.339885129567981 0.0816846435682139 -0.109595987924131 3.14354873998454 0.479333101639206 -0.976688708399026 -2.02178397456227 -1.01894472567563 0.808729040647673
0.0289286827520225 -0.375228888342505 -0.891651015777212 -0.478715480154398 1.73192770440213 -0.366910475196045 0.294536851608892 -0.303091564104043 -1.29817359102598 -0.199898047153313
-2.05171985114542 1.56061336947644 0.495208991973433 -1.41984946163223 -1.50668194047705 -0.389117114742554 -0.759776086188507 0.47550790561091 0.346548255633336 0.708235253695822
-0.535493399640677 0.0604384225717858 1.63460538654204 1.07728727084711 0.132963197390775 -0.148418453280143 0.693422801267634 0.0223306599974982 -1.54675809249195 -0.414995850013094
-1.80927462930521 0.56576410050667 -1.24512940341957 0.00118656191141953 0.245846949367841 -1.10519047056122 -0.869010440333913 0.590561161011401 0.0662502251641826 1.27166374982031
-0.131546073822939 0.848409390055842 -1.62688172081059 0.387792666146479 -0.656526491118969 0.66160800151232 0.0067386241507712 -1.12195723462696 0.547910214030598 0.180909399282673
-2.33762626858459 -2.17992666525964 -0.554233856146824 0.230740136412256 0.0547385725677167 -0.541437506975162 0.0654083874127471 0.00352756250834307 0.327860675888158 -0.374358166294766
0.70080871387907 0.492015472748537 2.7846402132826 -0.418913159908425 0.430051621878126 0.260400504710397 0.0532629255080584 -0.285736728255487 0.711163502936345 1.22179232461824
1.29472244101345 -0.142079665797028 0.996048367179355 -0.140531080331892 0.69743497107865 -0.509814461187365 1.06163987516962 0.54242582712637 0.87489825533652 0.782864464812297
0.994746454304682 0.491264701634074 0.211047596666974 -1.36235156107756 0.496193862247258 -0.851968110839607 -0.776885832575693 -0.154191072864787 -0.2177798945 -0.840401673981148
-2.09882201301958 -1.05304042766294 -1.1853875990992 -0.344712634159945 0.224071336198029 0.638490684945984 -0.00991150203875968 -0.322571332334328 0.265971620114692 -0.378085039347494
-0.891000528930557 -0.531534364475515 -0.676212510576334 1.19131966647537 -0.708172234043642 0.136349276289092 -0.319611159902813 0.37359229574187 -0.461522620631151 -0.39574991837952
0.0850563598392338 0.69464112866566 -0.474898702697048 0.298324377233565 0.697644981830863 -0.52441632559784 0.248976741754907 -0.440571612419659 -0.134217276883997 -1.38078608489868
2.45295072366296 0.291025154521239 -1.36727586893306 -0.247858694223063 0.920872831242148 0.0755710979669666 -0.86437866473651 -0.324112496969164 1.45414640598573 1.22220359808865
2.31029296418274 0.937735737630717 0.469743321992071 -0.243963299531923 1.2978052078699 1.33024685480978 -0.968959191982794 0.78977479784793 1.30688947921065 0.454593274986543
-1.28490097189116 1.06763181882865 1.70910125625234 0.141085823445497 -2.35106706035429 0.158581089973165 -0.841868254214402 0.0345733778918007 -0.988997382148112 -0.21421087077986
1.94069703880733 -0.740949370025779 1.67326725494268 0.654902171873674 1.33086093455285 0.0809978331295085 1.54951438391344 0.334405537533987 -0.718185536921755 0.47488264687282
-1.50105567498459 1.89286834809898 0.71817560297161 0.32138182184515 -1.95942523197268 -0.523623300856971 0.482247760094007 0.300366082550091 -1.20086295301155 -0.687912398900663
-0.63407373175728 -1.01673663330792 -0.158707721968967 0.0648365577758154 -2.27364976274815 -0.115915873965745 -0.175156172374704 0.26187792400576 -0.189929186933485 -0.458112409744606
-1.45630770034747 -0.442322044794066 -0.675908485851935 -1.39190629972448 0.927817882503808 -0.0690585831447086 -0.0829117207922916 0.337204682686927 0.220836449805265 0.667479427131585
1.29836881448632 -0.335730330807853 1.16225696852212 -0.293449440120248 1.12471826378993 -0.736569691954323 0.34297280371299 1.11977871801698 -0.0720879616511954 -1.19344980653326
0.0949428440877846 1.84767875719704 -0.363476055117115 0.320972010580724 0.415111248076617 0.0160286864681489 0.825963651148864 0.47656348715441 0.467201119638498 0.0509441209941015
