0.88535914453773 -1.46960035862115 -0.0476531632069603 2.03582134041503 2.02480153885227 0.593347496834803 1.30295194665597 0.18320627735618 -0.685397795609544 0.446224386042893
3.29470423379087 0.398210101973982 -0.239947475728592 -1.53698380813165 2.17413192495445 2.42887464543233 2.5449271888706 0.052720375953855 0.535888816798741 1.31515033934056
-0.585035434400117 -4.12100893017995 0.00376030262369031 0.0856419156922654 -0.988048730606014 0.848480308634378 -1.8453552177658 -0.090521501154055 0.818914115962988 0.803852183166278
1.14341813665673 -1.90472326634271 -0.0967470807809012 -1.95859991181218 0.0203701769856348 1.35318529252052 -1.29399246743976 0.978697329578894 0.605713332180673 0.469271101045994
0.768727040370089 -3.65103644186879 0.979209696184732 0.170652236066854 0.241154022192722 1.51387323251026 1.19467763535519 0.403907261792598 -1.2092354409959 0.496225918112257
1.52904593632466 -2.12084709382014 0.697592270191961 1.34775925659586 0.702604521914452 0.932707813257531 1.07471393445741 0.478443909773737 -0.489157878746346 0.535847835544679
1.44755553143007 -2.82251666633847 -0.287588613197939 -0.267842983489019 0.104759739592601 1.69437654913107 1.49110241097831 0.774643102162448 0.144174728682747 1.13373675398083
1.38495879175873 -1.89477716472387 -1.0640331920974 -1.06675995689526 0.811784056177138 1.09751729029215 3.09148422917966 0.0534136416180688 -0.102480341811033 0.25406813323105
-0.194716682236978 -4.31313423515195 0.235348580720883 -0.177732879943059 -0.436655211089966 1.46500631100618 -1.0961853319942 1.13196329285512 -1.9999429381495 -0.243715414537848
1.75695299662241 -4.38835948662706 -0.0902291278210718 0.582288762539074 0.606174659065686 0.073124618592487 -0.111443458120634 0.161894390259295 -2.01215150074564 0.0700973268339293
1.21670020995106 -4.55880653229455 -0.969179860969797 -2.13090072004459 2.33077681315092 1.32588761398726 1.30260173085963 1.12089146895012 -0.247808451079612 -0.132580690499608
2.04464725488475 -0.495866349662108 -0.916144214763195 -2.04608813757116 1.86781753513527 0.900780672396635 2.05913246878246 0.745790231512498 -0.406012846275806 1.25537636265626
0.84839924872535 -3.65168700046021 -0.119542433172579 -0.348052320944682 0.260310999937021 1.41287437521035 -0.744117355861827 0.766512520499691 -1.14945011180632 -0.143666908755256
0.948452237702682 -2.52563607829602 0.270161926443226 0.609089119005899 -0.362800734587019 1.19578688324957 -1.32474466419547 0.556101722636181 -2.51196896027725 0.0735811473841208
1.18095957358726 -5.16411698324594 -0.651382145077252 -1.48670583690124 2.10968990654842 1.74683484858548 1.32516251474996 1.0322462936592 -1.090046625512 0.288624454565273
1.18373933837334 -3.16553533884545 -0.19894892159467 0.193653727722604 -0.270441279503654 0.643959424338584 0.490262030464149 0.501884961133868 -1.73384116984563 0.937686463510142
0.182995883736017 -3.21914271130046 -1.39026448831872 0.23464890343005 0.585820286455182 0.536538389056186 3.14392315408429 -0.343888069703199 -1.230213451637 -0.295263507686242
0.880614025713661 -5.13208571922323 -0.725933364752924 -0.916470453706796 1.91534061881299 1.0625337214765 0.332160280088879 1.00398162737906 -0.92214793287276 -0.295106467723153
1.39581944399755 -3.05294552862431 -1.1895444456681 -0.595845343480077 1.21334276490782 1.42579034155019 2.31844982880399 1.04874171640862 -0.610134469480815 0.459624330791478
1.05212542011747 -1.49987924329099 0.307216931538146 -0.130148633440465 -0.0139376781380478 1.33979720029376 -0.768378960731364 1.0635096906027 -0.851698529990336 0.801902477116217
1.77745923257711 -3.27464014373506 -0.831785614429052 -1.44714362352765 1.79408362970664 1.5471928573132 1.02545194488136 0.815981790637777 0.331160509235755 -0.551312153943199
0.850116946663528 -3.80089795956392 1.23421368962958 -0.246142077252602 -0.511383894120881 1.37997992612912 -0.598578683526909 0.518909125653453 -1.27291508596385 0.00955433165469977
0.956880347049846 -4.0657600266161 -1.29912553413032 -0.578896892957245 0.834021505343726 1.32700482452138 -0.0616651621941342 0.662604661601121 -1.18282789479149 -0.906852748096866
1.37348949137241 -2.7489059201481 0.794528137037393 0.395819384022483 0.216136031124137 2.16716641142079 -1.06838614201492 1.03948155380563 -1.28647616487761 0.340495032907165
1.55140913859819 -3.31741284258146 -0.0091504001266367 0.141597773565999 -0.49697394594701 0.839331330587133 1.37177388489314 0.875397823956287 0.244887529555459 1.00492741930826
0.902926946286242 -2.63903870960115 -0.644476509011329 0.00970580089869033 0.411892963525437 0.294893231891907 2.4288979000181 0.485875432203109 1.10982546221121 0.349797345198815
1.66174366948533 -2.76019327830184 -0.72862274582609 1.42982754335831 1.68294016298282 0.571378621068268 -0.104063076370772 0.6736854822084 -1.7455887611784 0.702231927297845
1.24687444725676 -0.876637112459551 -0.69445337527543 0.890455234495981 1.0841501027463 0.708972147149351 2.46572263895047 0.105718664866359 0.159802638846993 1.48500706190377
1.88862719038894 -5.37585170384416 -0.816047854193392 -1.66385394356423 2.23446078223666 1.2832148328888 1.77659781985461 1.17029764608673 -0.380547782677144 0.533802104472794
0.256258200941745 -1.01207885438043 -1.38512782696252 -0.755399467087526 0.896094100251512 1.31833283126269 3.38497631725556 -0.832761451105105 -1.58902582435267 -0.907742940159666
0.977000942679948 -1.45070313778982 -1.856809551273 -1.5014318205635 1.9037721936353 1.23126477897566 2.83162763132397 0.000604699019460142 -0.495697507031961 -0.308853849046802
1.2487478634268 -3.14666465115734 -0.850339411710815 0.0381221541321572 0.254862061727346 1.04746954047979 2.17745779019433 0.795558130820837 -0.0795869168558183 0.372521368993674
1.56227463058658 -3.82608418851096 0.907652009382628 0.00921235259553876 0.722377899612046 1.51548960448729 0.46663575242733 0.500340508476021 -1.38008924167966 0.865528631262946
0.117122774882319 -0.499259805587249 -0.726172095925538 0.0677391137338379 -0.557120180008846 1.17357621655049 -0.908363972875279 0.455947698497659 -1.02859079346647 0.159579692410701
1.21471731638439 -2.61789187979727 -2.06980958444775 -1.18146615713946 1.05738888901292 0.900901089496749 3.78505951986714 0.556035635335019 -0.152384188006523 -0.556316718306931
0.453063470964782 -4.36908963627428 -0.22356297834636 -1.28878019313179 -0.850016985742445 1.12957416881533 -1.80487014503888 0.606548369576513 -0.358289586749776 -0.201194939638214
0.212943495126412 -3.2446249292638 0.475767089472659 0.397328236771878 0.582667509579013 1.42339439183332 -0.85790057060237 0.912515240868794 -1.98612936394885 0.178316505164531
0.226562984400469 -4.82762177852207 -0.766618311488761 -2.02241868062701 -1.05101874828521 1.35625588198597 -2.11283719611229 0.53893336827325 -0.925869431028538 -0.508919043162183
0.981778823311468 -2.28851320283938 -0.971731814231916 -0.620921683606774 1.04116124551338 2.53503631823066 3.51452402255644 1.04457686042207 0.604361760555076 -0.099229777823389
1.89728727231242 0.742073106987029 -0.850698657927464 -1.93971164959092 1.94944533399256 1.60861713990366 3.02272731223991 -0.340237121189909 -1.70319338690369 1.35941373915439
0.670991407084969 -1.74312446663126 0.446324306522835 -0.290015745581741 0.475422166856822 1.7634960024967 0.322082537988321 0.138031906909978 -1.17890102686005 0.0564129784697136
1.29167655908197 -3.12553615211709 -0.201535962485494 0.98079321775267 0.764524332118623 0.362281016026076 2.29147241718235 0.0367112362132356 -1.00704489678787 0.227104546407034
1.42472293456447 -2.61844000833803 -0.73256931343809 -1.01920258432366 1.14627174382237 1.53255120188821 2.55743482937822 0.180084247397376 0.325158587022452 0.158663045095995
2.0023760528136 -2.97912127844389 -0.275298801241925 0.651621232497072 -0.0670501686871252 1.33120684414589 1.4216794016164 0.567921452072702 0.403329168984469 0.450322112844563
1.25431840489699 -1.84811884099089 -0.240053012627267 0.732536355435359 2.11614309986497 0.756154392893878 0.421432636211011 0.386556218892953 -1.25014022759574 0.605077419477308
1.8961442107335 -3.1361492752533 -1.01091913112921 0.59154394577991 1.89004385693882 0.888966954046242 2.33690050309599 0.568401310608751 -1.29361209561505 0.946717640956408
1.29568548318754 -3.57441448104667 -1.00235196472113 -1.24688237726506 1.76743397689665 1.86225696577361 1.87381692572507 1.05683515656758 -0.838852150287623 0.556180890542113
1.13695816849525 -3.15038618643862 -1.9551175030792 -0.512277221657071 1.23606068491012 1.00675281816649 2.88827227591442 -0.358474041544829 0.576977922856749 -0.178944946709032
0.87182470275531 -2.36719763267675 1.0421239586685 0.260583663050116 -1.12662458153436 1.14671344871176 -1.43850020785553 0.637800982254537 -0.961931286224642 0.669794978527614
1.62685221054522 -2.20384389196544 -0.181390092930172 1.44194681201088 1.53557525603182 0.728800491401528 1.1710729239112 0.536873510378375 0.0844381883546967 0.395382439266127
1.77310573114913 -1.60355206917807 0.729872389213227 0.230549676764214 -0.42160313777218 1.14760794674614 -1.76643948014161 0.66722249376014 -2.05804736637204 0.629507998531534
1.4328267691639 -4.0533281290915 -0.5497244326864 -0.335828109748226 0.391478799327552 0.241442192108193 1.74134168514174 0.537386742011134 -0.539769303497373 0.501879797276409
0.465319386922107 -3.34329765890057 1.78548792462638 -0.0179297199695605 -1.1495115564339 1.60194547887355 -1.4991786623529 0.944344231683107 -0.395649736055493 0.43498971489583
1.89704284931546 0.624838218996588 -1.2518534628884 -2.04776918404263 0.712714967230394 1.48624452820343 2.51769240130394 0.513582674601901 -2.08023908251455 0.654369283503465
1.44124183585382 0.763120423725574 -0.287520789746066 -1.6221221756275 1.00665863956006 1.7400078426388 2.53152367163264 0.270277181547249 -2.17183111073462 1.4358536276135
0.473028227680246 -4.60794402300087 -0.352807815903982 -0.999625453436433 -0.296779553323132 1.23405152851955 -0.844571851286255 1.08836288897397 -1.63081044938876 0.978796589836914
1.08533269774313 -1.20115643529808 -0.898298921981433 0.0831932544722345 1.17031239541682 1.4579466662403 1.86075395224273 0.381754767607477 -0.736368641732684 0.648469914973787
1.0239063261752 -2.13054568306343 0.22738380677918 0.928760220538009 1.48317935222284 0.900915999767568 1.22584676306486 0.952117678137353 0.608379411250027 0.721885935486794
1.85132296882982 -1.81383808888408 0.203208427952382 -0.679536401840868 -0.167961207651248 1.31298549146215 -1.88016640796008 0.884917697747481 -1.88165756026726 0.338986020084331
2.9643331983902 -1.08846792674221 -0.109476831206209 -1.77711581719557 1.57060955526725 1.67989957835635 1.83023423916185 0.340776967333991 0.847504054841975 0.171518886890816
0.759985981410714 -0.763259817873725 -0.823278031020819 -1.4988665830254 1.37125728297062 0.625940353725078 2.27149972954478 -0.0898160789785729 -1.20617229916729 -0.291552384556628
0.716768321402132 -3.00064226596676 -0.819716991468236 -0.0786934736034621 -0.424906264746059 0.903278437653398 3.0582825989607 0.413983538888868 -2.08314257272684 0.242789838008945
1.85344182203816 -4.37079228052992 -1.33418028143595 -1.70517814595152 1.00515462929829 1.2756263603334 0.395359007189217 0.357162554137331 -0.3535548503907 -0.785225628799027
0.769946491399337 -1.09735234965011 -1.28131414760576 -0.828583316841761 0.752458264960121 1.11814557042168 2.85106397759116 0.444223286715814 -1.57003857034747 -0.183993241809482
1.0701817953302 -2.11431199715553 -0.436312740175528 1.47919516607782 1.28216808283807 0.321292813360645 1.50405438043022 0.529246865130117 1.08946963149865 0.728427461074638
0.33841140943295 -2.89653310796349 -0.0506735120194248 -0.0440914393293297 0.42503770329667 0.668123393085749 1.74912417527526 0.130915549631061 -1.96677483518539 -0.404453981767828
0.21796964084009 -4.35426339444098 -0.303299182597527 -1.16254683851193 -0.050554811696516 1.51596677687237 -2.12225024702368 0.934474551368069 -0.852351890126127 -0.348813171064598
0.55473245267086 -1.77242740294154 0.255340641431593 0.200866283594439 1.71663125464401 0.93292828984782 1.88687351751315 0.224548064263825 -0.586718207083185 0.513764759977244
0.979330140186302 -2.84616467543449 -0.611991379766084 0.258916295469057 1.9690631092122 0.945032518862921 1.27072307852793 0.548592894462685 -0.507851674265463 0.10671567238091
0.933060035036182 -3.29172337197896 1.16032120560616 -0.0642368947306857 0.761050300392345 1.60813582167347 -1.08015573763074 1.40149903319893 -1.80512563889785 0.331658341328277
0.797880272101533 -3.68572041928718 -1.15455412944794 -1.33136768522836 1.11568868852239 1.37866775482279 0.925952684810257 1.20476216300404 -0.413447596966971 -0.435097751300127
0.984340769184386 -4.87109600313149 -0.621773327413937 -2.19186692813144 -0.511292135540713 1.44886034084422 -1.76990751291831 0.430672236414835 -0.753170888429193 -0.612087260546518
1.30178554421682 -4.78255661881645 -1.47323506484696 -1.58924109927706 0.624377612632226 1.23713685624102 -0.864225411901757 0.812048929664808 -0.0828700252018053 -0.577144534647974
1.17787577964672 -0.9866203911304 -0.526069716544288 0.460213985846482 -1.45905329416051 1.46786986364779 -2.05667690547417 0.466578061833231 -2.07892082750646 -0.0304204143696247
1.63088375807287 -1.5810503917461 -1.15911855805545 -1.81216338458079 1.52751412623441 0.950618435779994 1.51677597076781 -0.277408041004434 -0.952815305054183 1.24460034152657
1.27541826876157 -2.47255291255239 -0.747019171107733 -2.01468283995561 1.9349992581039 1.37470210495502 3.37726393524258 0.900430900868826 -0.459813499196289 -0.0910055790826143
1.26660532903214 -2.70127928253396 -1.1347997262167 -1.17363958912156 2.25336877717141 1.15169022448127 1.62575241932505 0.463111467516546 0.560921042796435 0.064091911748652
-0.342252062633793 -3.5826158287594 0.219625932107001 -1.02414433304605 -1.2408411978278 1.67648274210043 -1.66090465370005 0.697178252076125 -1.41337584675383 0.197565009430465
0.0878384987536527 -3.13324816264574 0.827187998487732 -0.15412743382057 0.31963908121442 1.544789663555 -0.516012646708858 0.827827894394102 -1.59694093403323 0.624386571496173
1.67970546521576 -1.77149819666472 1.82018890791863 -0.102785218960543 -0.3114825167946 2.09135773191357 -1.68095019052052 0.412485677633341 -1.22036649963649 0.208670681550417
2.2649576372921 0.343301681596878 -0.693839216307596 -1.28618791724473 1.27293277950956 1.70010351443008 2.6590637567858 0.328080378631215 -1.56970031819295 1.84703707281918
2.0125785626323 0.301146350720994 -1.0879826432616 -2.55516063751224 1.59934249523733 1.19683789058475 1.1014735971721 1.10670469280266 0.443561034631492 -0.496727743018064
1.2162036866593 -1.36814162032912 -1.22284321840931 -2.04839119000671 1.44816676946991 1.23929658508095 3.08671401683382 -0.103504893611179 -0.691008925204328 -0.889991282660601
0.520405978258325 -3.74981642682958 -0.0565676274503053 -2.05104390780482 -0.213533413773924 0.971143554223111 -1.06343732963453 0.524362053738687 -0.942612510911854 0.310298701237947
0.947767130265186 -5.07210797619747 -1.26327989184041 -2.30655183314324 1.15971288627247 1.33397708262311 1.16205993043105 0.753335222016922 -0.818951812009181 -0.480164360918781
1.93531758243683 -2.28948823159653 0.273201428791249 0.669004329866367 0.561064872090018 1.31517552228303 1.18557772790682 0.656846473751901 -0.170849132170033 0.594307821299095
1.52986110285684 -1.99542249682894 -1.07001989200833 1.21001230133969 1.33066064244918 1.45495345102146 1.16077210384347 1.13100285787641 0.894702611415044 0.444574452211091
1.01880434488747 -3.18008498522189 -0.148472961579002 -0.00454165196760314 -0.046580548400454 0.828686920658176 1.95587952961292 0.290987017505253 0.123683256181899 0.395946456236495
1.07303400319256 -4.57000039980825 -1.01845776294535 -1.17143484290891 -1.01141497230252 1.41192046483752 -1.33828400219297 0.510635456044876 -0.589292239488654 -0.396535863973589
0.649010331581426 -1.84266656317897 -1.90326115307549 -0.0560494134146707 0.68890226210292 0.985637748734055 3.49923424472373 -0.407078551561865 -1.31918398859803 -0.824207172249587
0.839466765706995 -1.53829388048845 0.0258489662209751 0.504149210671005 -0.0339666353218018 0.981129823503835 -0.439486104319172 1.18420985109968 -1.08144506960408 0.163325154180777
0.413143519467882 -4.20886410213905 0.837526672167881 0.173317201667887 -0.125224061451264 1.46862145813561 -0.518971678430849 0.34043761082353 -1.8311315705061 0.555639258549383
0.603157963272368 -3.7092626606617 -0.0545618470540892 0.409106688883369 -0.497134093522709 0.534238284612826 -0.426409062569769 0.551025555260357 -2.26174008800411 1.11166337100019
2.73420746957976 -0.438864219047826 0.0102354260211239 -1.77608898068988 1.96988008832311 1.39082999445818 2.30724937610147 0.701590283241979 -0.0411832206188723 0.731659969595688
1.48309644088153 -1.46343112672665 0.0605441937584414 0.480470478960372 0.0144538380100243 1.01532196100038 -1.34140320916418 1.40760424812512 -0.677138267541235 -0.0820713561885689
2.12393273520729 -0.818986044090833 -0.807723888732665 -2.23633580181515 2.03739819431494 1.39486941260786 2.09377413254938 -0.0239045611625843 -0.0375346202667854 1.01869600928949
0.971463810070329 -2.09403620393817 -1.10746872728597 -1.31159613120635 2.25443323244352 0.581113366947241 2.49544597738748 0.50490846001325 -0.632368040458839 -0.23095730956917
1.37109607649039 -2.12182387142635 -2.32206987539789 -0.885407319882908 1.09436982640156 1.13939501066965 3.6795865383431 -0.211787461891335 0.639986096415782 -0.487750984830083
1.31154449711077 -3.10871125583157 -0.141045886349393 -0.0843362499122771 0.373200839558426 1.77647467780878 1.73013376668633 0.957303478271172 0.197910656133367 0.863262558724048
0.924336018877851 -0.653309095014397 -0.318308670123574 0.3687999349723 2.29439247690297 1.4396023357215 1.58844696149814 1.38994864829524 -0.803540701105367 0.992213182583742
