-3.19354724297272 0.557251487456878 0.196961838990489 -0.377115006345508 -1.37147102519721 -1.59572331532398 -0.462058658944079 -0.800700818494337 -0.234930189825566 -1.39267263715987
2.15800325474625 1.07882376920212 -2.94427955624922 -0.158747325415432 2.12896386317114 -0.00315428141759666 2.61114112407055 -1.37719773590553 1.21120322327244 0.362478893030773
-4.5822893825376 1.39590297077968 1.36726957908084 -0.770651177182208 -0.700603337496461 -1.1436512669896 2.39269148538243 -1.35969330594662 -0.859636620670428 -1.23423234761759
-1.63143364484401 2.7910166771409 1.4487359381692 -0.324250857398393 -1.13422126193907 -0.349480995891948 -1.23796528906542 0.192982752755995 -0.438451402819803 -0.27484901818918
-7.05398463648408 3.75101234722174 -3.57776640468711 0.214854377131704 -5.5930770675768 -1.53551570556361 2.39855383076938 -0.24133329218779 -0.819068268165283 -1.35139824009462
-3.84306478668952 3.12042122456469 -3.78143772499088 0.611038900429006 -2.61937495799824 -1.06519346113282 3.6768892857179 -0.745510896268583 -0.580835855295311 -1.35873027147658
-3.84649854408543 3.29418803503276 -0.671874641987463 0.553253933179798 -2.1211363452602 -1.1925390309993 1.72321972486562 -1.22986796978094 -0.914945073007925 0.233329039078363
-0.363155912358803 2.99987972724937 -1.00208131317744 -0.380465417978832 -1.0042708408497 -1.35234147392058 1.39121878544346 -0.844612398129266 -0.819411496626837 -0.667137602467804
-2.42127504671279 3.06441766368264 1.18286618902274 0.18047281981119 -0.743613039401072 -0.0158980285590169 -0.0982146900676448 -0.524446972307326 -0.819304263215701 -0.129331049216648
-3.56770696470309 2.70134879308 -2.99220026759857 -0.00348599545339789 -3.8888528460971 -3.11496337084051 2.9370724880159 -0.853842206146636 -1.58967986687577 -1.54283155765616
-0.507861983330657 2.81877167794669 -1.46438279385683 -0.599368715064014 0.313848578891075 -2.01765364653825 0.859258671829616 -0.878829641537338 -0.88039992694425 0.646378650530362
0.694604724704852 1.41808348798512 -1.70958693133823 -0.701083034403363 3.35961095344486 -0.647206635552615 2.67027084285844 -1.81048816514975 1.37158526795924 -0.38344357715679
-2.68565763961591 3.06123357835423 0.388593433019293 -0.110338269920473 -0.235768502825969 -0.5749653248594 0.746133216323597 -0.102106437420832 -0.406886831134313 -0.319963342964769
-2.19053251239173 3.02243120462637 -0.149729594001841 0.082862594976965 -4.2085936048762 -1.32449753350273 -0.144960296069981 0.188567342335924 1.14167733474109 -0.430015358058198
-0.785265843208277 3.22931298013967 -1.22904935412505 -0.00608244757200493 0.321202429112922 -2.13582778059668 1.18960881715515 -1.10755035861356 -0.38626801816321 1.32155906179454
-4.11901723759332 2.5910401377032 -4.09360435904437 -0.243656087003091 -4.03947179486634 -1.85722885805291 3.09432830025891 -1.2850173367626 -0.740916382324911 -1.54327592783429
-0.0790631704125668 0.109575204032282 0.567270383804349 -0.0436090743531792 -0.558057671762121 -2.95058978257664 2.18231617285888 -1.88640035846108 -1.86815868838849 -0.864378005886
-0.56469068190381 3.03570071634018 -1.62957056836741 -0.534258800771542 1.33392273324013 -1.60248198394278 0.558759829437692 -1.09072780562648 -0.773756398662623 0.587298949630261
-1.70052319749164 3.05024624164661 -0.294132349333946 0.615857333902191 -1.30714733714915 -1.65574746416734 1.5503811173621 -0.533436864148387 -0.158060717083572 0.490792863685729
-4.18519915811112 2.43536372267219 -1.94094877847326 0.123617603712464 -3.02715627827566 -1.23670471134145 1.36265436233025 -0.711430626340048 0.223322746303894 -0.345094648291574
0.354212330251474 1.77928182535339 -2.54049928160712 0.293946266249157 1.81498786831972 -1.50891585139344 0.123783883119114 -1.09600388217542 -0.78952915053542 0.0360579649500683
-6.97924769208647 2.99025099014595 1.64554674017989 -0.850471298184788 -4.37056455176745 -1.16706779035979 3.19840694970444 -0.657056000009122 -1.31486848817711 -1.05132272463384
-1.15709529871773 1.90961302959319 -0.67908844334081 0.18712389023196 1.68872903607537 -1.84717525287743 0.58588180314506 -0.917375956243964 -0.700747607740974 0.00612320929843468
-6.52760027664458 2.54735924741627 0.742634816744653 -1.14862037904328 -5.44352896633644 -1.59166118087505 3.52694124951933 -0.607542991399822 -0.469905369814593 -1.02231694461191
-5.31444505028668 2.70078682183616 -1.07080916792268 0.183220884413275 -2.99667518152778 -1.35669052667139 1.40945562495388 -0.586450549152508 -1.14217489793039 -0.707519340584625
-3.67605615195437 2.42743004865823 -2.09768435916765 0.618766373167495 -1.4147661696084 -1.97729609495318 1.6960172693995 -0.918246162737491 0.43636712792991 -0.698477261480269
-4.72428260296667 2.10593044317558 -1.23397128691795 0.472800957348536 -3.6432734951684 -2.33986045350161 2.1753496897523 -1.27113943485487 -1.77600960305581 -1.37253669545444
-2.51337480835347 0.90318363161338 -0.67794431217468 0.718250034661163 -0.96008291598783 -2.50989498664824 2.5548860738172 -1.74205353602209 0.377336653522695 -1.14846120196258
-0.818202516057494 2.89105307041393 -1.480501011525 0.450403786012884 0.281850534417786 -1.50021773425999 1.1452218670815 -0.754067355214662 -0.947331147182699 0.28007836046598
-0.541231107569818 1.59924252633658 -0.891620362361234 -0.657163876318014 -1.14200762658377 -3.39420887392221 2.21539192592516 -2.15530699432309 -0.919784703931334 -1.35150572981611
-1.15076424138214 3.1418772039231 -2.29903506123475 -0.231240091962849 1.42570499785944 -1.8228805664247 1.7749048486515 -1.13396751824951 -1.59297331499835 -0.887644973007335
-1.04102739978545 2.95397081381738 -0.797874720926202 0.00715836412012205 -2.32957862575905 -1.9238950584975 2.14267128601429 -1.61685147205476 -0.424071710609407 -0.229467677814805
-6.35973887296362 3.29088960619779 -2.7188448061783 0.162466369212241 -4.19500109091747 -1.277898854466 1.37225435097707 -1.05171693310292 -0.839136513369446 -0.978285195316231
-2.32770202276148 3.26525178437313 -0.0916834427990061 -0.0562948963097702 -2.12209499873925 -0.609111334887876 0.249284679781804 -0.22924422234428 0.480251525764709 -0.606844517782873
-1.93554486371155 1.77398248544244 -0.0580240737715538 0.326630891895 -1.50432479113998 -1.98270719694595 2.46870635522565 -1.41261588244171 -0.362338543869785 -0.963842614613694
-1.12721777287235 3.01877590481638 0.704143671085432 -0.525766722037887 1.18615305761823 -1.35485609134295 0.551681230885065 -0.948990177739241 -1.09661917309599 -0.222638047168973
-7.05829865932417 2.49810039645931 -0.0832895392463655 -0.465220401749177 -5.2401840446196 -1.78391446128963 3.31786488458024 -0.860800528442418 -1.45638849696594 -1.29331835437208
-1.03291160846368 2.94744685201214 1.82522904525789 -0.0549559816570819 0.179572552563798 -0.601862518717216 -0.202246161754323 -0.547596561858815 -0.708763940658847 -0.0250021343275422
0.80789087373811 3.47806996752475 -1.11728512453394 0.294897675329686 -0.691158273800296 -1.82624607768169 1.70902993309729 -0.783745874685201 -0.577282618905595 0.141773457540149
1.76702495473849 0.915148633897232 -2.06244183743971 0.102337882536102 2.23683133221813 -0.964585639668337 2.46919095550128 -2.05888586055811 -0.494461181722731 -0.376548515834412
-4.97921089389806 2.76910496540803 -1.89539305911616 0.373039685430402 -4.0013735780335 -1.74079989612888 0.647995099695831 -0.0605318920913773 -0.448277965863894 -0.693531263125984
-0.923112790732076 0.651468928474694 0.639129988993858 -0.243450653279436 -1.55865275272278 -1.48881807297352 0.739213603672 -1.43371796305349 -1.82200333748209 -1.4553270790868
0.381155253957051 3.34228835434107 -1.40055474338267 0.0280103996741161 -0.117074340257827 -1.49476029920787 1.79745448804916 -0.77393177305039 -1.6050227361799 -0.159860531484522
-3.62267570746967 2.0126649012529 -3.30243679120838 -0.258725229918268 -3.87163297147664 -1.38714672184245 1.91306582358782 -0.527484561797527 -0.957101915036888 -1.245809024326
-3.8977363151201 2.68198953766976 -2.73565720948144 -0.0903409584410895 -2.46106406217917 -2.7366626349666 2.98821783233107 -1.43415163298806 -0.475568269546057 -1.1237624914613
-2.18225639889801 3.29156886557345 -0.834839757492845 0.136345219394598 -1.7692763719904 -1.33374262571333 1.84923316224095 -1.4097247806066 -0.356695869003226 0.527106427522343
-0.220140737571563 2.72837916596505 -1.01646906595257 0.0209596153697609 -0.842430795672815 -1.23169917809416 1.21972804019707 -0.623365062673012 -1.6457921749317 0.566080716907279
-1.7764269787645 2.12268188732844 -0.152870924141657 0.291076472113124 -0.994829721215365 -2.0905655406967 2.51667498790289 -2.05439738947013 -0.379703838444788 -0.278403640469609
-3.54200637368635 2.38335763586505 0.891991925606182 -0.235673754832572 -2.67251482128867 -0.754702246611072 2.27970997258265 -0.66117441964142 -0.484524914050312 -0.526961806554715
-3.45939738585083 2.40599676376706 -4.34481743118431 0.748798464608715 -3.27748809834429 -1.165219242833 2.01077312469428 -0.893837150959475 -1.02526512775967 -0.77601922936011
-4.29292582002029 2.90394485268793 0.194431675551868 -0.22327458609645 -3.2023031638513 -0.825193603472977 2.25835645062054 -1.04509115396638 0.66363553990782 -0.20312808538423
-2.65933445318423 3.1675310072915 0.0850406946317728 0.481807713638247 -2.02450250178801 -1.27897471979106 0.415352270188669 -0.669482239988859 -0.389635539951867 -0.0679094646508127
-5.19008024274888 2.48939957180086 1.10710779888135 -0.0157518740323499 -2.2684891624271 -0.674546606499017 3.00592092668397 -0.604119959430907 -1.02308492638117 -1.0173353281424
1.71546042038991 0.273025934006748 -0.851405826807542 -0.207063412545919 3.05244128694557 -1.71172108789474 1.20078782715633 -1.2177903195159 -0.775979932518966 -0.814239324736292
1.48520183214129 0.763847327311324 -1.24545031892532 0.58515554486713 2.27209348395841 -1.65037567722896 2.24521979701029 -1.10889576367188 -0.970227288595314 -1.18797252743025
-2.36169931511622 3.52538159509555 1.14967372124257 -0.790142671337573 1.35857961604837 -0.516569471015713 0.214146263679457 -0.111712248255852 -1.68523207399971 0.0331374267102507
-0.90761047726908 1.161039400838 0.693953705749782 0.1899829415854 -1.01286858417929 -2.39786745112934 1.98089168912435 -1.4812274559666 0.760371771835644 -0.818722536565954
-1.75022718869362 2.85802587953397 -2.92570822923239 0.536017297126769 -1.96133157801467 -1.62490552420717 2.42746626257999 -0.982964975590455 -0.161541883375886 -0.236571441680568
-4.20752858798464 3.1349474828766 -0.368326445427607 0.0671207166041352 -3.16517854554189 -1.32249811738125 0.786684236076777 -0.600003838489194 0.399099250741993 -0.205636306782039
2.06543295783152 0.707680734103963 -2.33040027257045 -1.10338347990825 2.49189968982245 -0.157514038750559 2.01846046185385 -1.25271383083093 0.946134088876999 0.340514477876433
0.568995164990673 1.79314095743145 -0.481202480870636 -0.0713014643454752 -0.0527975978193687 -2.72716341935441 1.79550998596317 -2.91717260915576 -1.48137381639962 -1.86325968358297
0.270109752204285 0.0845655910655807 1.60996951210848 -0.672787948775507 -0.198961943298264 -2.86494850550925 0.953952151195857 -1.54998961199552 -0.951812521738417 -0.253491826647398
-0.856038062154866 1.64148572759369 -1.10085197832787 0.0696230141904453 2.77827999028795 -1.59818129303739 0.182240609070696 -0.737054809226405 -1.34501498578721 -0.115074146880279
0.097190325810796 1.15428213412624 -0.302755213962822 -0.157780078002739 0.0797764046392908 -2.35343963939926 2.28983459684869 -1.45698948851922 -1.12547193831717 -1.30154264339744
-2.93514735411398 2.74831701680681 -2.79454314030872 0.0275993914767612 -1.73919068647758 -1.57112064299333 2.66687003993382 -1.58552781906254 -0.430934312886183 -0.116208899265488
-0.713067901937332 1.07613886305397 0.12292483972881 -0.675087029366818 -0.0831335878796242 -2.79129543133867 1.02455182692239 -1.08744632672907 -1.30395467308075 -0.87215489004243
-0.761447647245354 3.84281798747242 1.81652265892827 -0.8574517900274 0.241130752232622 -0.942077977841629 -0.307290664130893 -0.610561104289461 0.160621564661494 -0.302656699716569
-3.1705211573112 1.48127340814717 -0.942059008209498 0.287863234722809 -1.67543276977277 -2.78986649922234 2.22769766722122 -1.61763832547577 -0.64477198844965 -0.80407764169485
-3.37665891747657 1.03032146333317 -0.168330497154022 0.550733225991145 -1.74910389532243 -1.94047240981235 0.359583899091607 -1.32990849426656 -0.646262519480575 -1.03766732803325
-6.47708807560451 2.82093405081306 0.445031254218667 0.0989152037617114 -5.44517576146111 -1.37913171500302 3.31802554679773 0.117315004395797 -0.7057020132045 -0.595016273230558
-0.757645623293613 2.22714336586666 -1.26876305902167 -0.288597386330272 1.41588032589697 -1.8999150633728 1.25071491674578 -1.00329415513698 -1.23878937225277 0.62879587016597
-0.866590745681848 3.09120279065837 1.5861872847607 -0.613247932704671 0.615811276786387 -1.28377252537897 -0.101711749610147 0.00612224150920104 0.193551278081438 -0.510864151835255
-0.972374934616497 2.20906534443587 0.261515556031688 0.178834530526694 0.968496619876001 -1.58622249482457 0.787601830279819 -0.836380517763561 -1.41502707153333 0.297824018695791
-2.36963758415598 3.0248728367944 -0.581528709934686 0.00332246927296653 -3.68584296938271 -1.22670328351408 0.74296826512626 0.291245043160948 0.766116117504562 -0.368689076039638
0.704344393690483 1.68991746802487 -1.67474509713483 -0.292893701404046 2.0443376722928 -1.85564288927419 3.10839172915707 -2.12863143911711 -0.0928562358266776 -0.738109743929242
-1.44065721006259 3.16409611880921 -3.24573462106077 -0.060127195828481 0.300023999791831 -2.20073988821081 2.23306670754103 -1.44536833602494 -1.95788568172704 0.0135645145499721
0.375672717437538 2.08922118059223 -1.5489896839759 0.0842021714731578 2.23555856544312 -1.30143404302774 1.09171442665942 -0.879282091374354 -0.772013803817331 0.860321022204952
-2.50827809512457 3.29490935898141 1.51607090783763 -0.767048673341911 -0.263444027624777 -0.916490095099407 -0.797586802482145 -0.429468352395276 -0.673896807908091 -0.061915867384124
-6.03176243302977 2.63661767531824 -0.199744198768237 -0.143936961403168 -5.64642840503044 -1.86145120370277 3.28600797749191 0.318634087678775 -0.494502267442927 -1.44807545845206
-3.41882264659973 2.92771939283305 0.528824852232494 -0.277439446132033 -3.80254564866433 -1.39776645099889 1.45053898994332 -0.792076023374009 -0.0987182427837334 -0.573167688743431
1.8941276438473 0.661226895189681 -1.78636066381328 0.694721238581041 1.73612883728885 -1.31694249086794 2.40474441857662 -1.64042847035173 -1.21708127761634 -0.877115403928157
0.533982709222063 2.17416457323202 -1.63515860163404 -0.643337129408604 1.76669140024203 -0.913743726571181 1.05385378803552 -0.570372114753049 1.8100569572597 0.221305242635539
0.436813690576231 1.56630596430867 0.36400471009078 -0.118150278876939 -0.746897597739369 -1.54738222243571 2.32962626582594 -1.6553238865011 -0.968193400688064 -1.46917900328358
-0.659120380400194 2.65574564647079 1.57528136153478 -0.265607978462522 1.03701425191538 -1.68312485093705 0.787235850274427 -0.146914172053002 -1.55619782866923 -0.000893829626611886
0.217491631282116 3.61299795958543 -0.622055444206225 -0.266928278019366 0.106422318465327 -1.36202072659841 1.06242756262453 -0.872122097700407 -1.16962644126572 0.663069705760603
-3.61773523608446 2.80745339540097 -4.51294700300974 1.02331731985945 -2.70889355629158 -1.43723252456054 2.80162286156925 -0.519543442445362 -0.714882132798933 -1.45031730238522
-2.9901712648972 2.60273313049226 -2.28618272493167 0.456677566213522 -2.0123472439507 -1.30630329989848 1.64453335630568 -1.10003580780691 -0.556388446831765 -0.755779476302458
-3.76599582398799 2.37037698256332 -1.57707601750719 0.929620398889192 -2.81174033085641 -1.0749567658699 1.72316524092766 -1.00712090635075 -1.10899673957127 -0.175140480734158
0.36877611166436 3.02922534517593 1.45790075194915 0.155125550661754 0.568773280173677 -1.64686894223197 0.538291175792328 -0.673699296078175 -0.399418104609008 0.129256662708315
-0.688287622448277 1.79926147783776 -0.633784915632843 -1.23438864363863 -1.22064259685292 -2.97234981211229 2.14379716121636 -2.17956747111343 -0.871241627043512 -1.15074671441825
-2.24321853260057 2.62484359447355 0.441134584918568 0.0843559154849314 -1.50754728690607 -0.475573116953553 0.922716828579534 -0.0706971463127344 0.379044047109388 0.713764174340634
-7.08711937996444 2.12422351991368 0.714140176175987 0.450439167324518 -4.04903837053686 -1.51871481150473 3.88862531291374 -0.205973873724269 -2.36515719780388 -1.55030071983977
-5.73853335984519 1.87451835680904 -2.05019257559454 0.687383670611077 -3.23194808960735 -2.62167277025759 3.32776629253146 -1.19200689257677 -2.92273600190846 -1.29549530514309
0.857176952026925 0.943751664440659 -2.7654122734381 -0.495803768534235 2.90904581289189 -0.91016196739225 3.03894863880457 -1.42351269403447 0.680478706178687 0.10293475617803
-4.52809338599518 3.43276413586024 -1.32800525758808 -0.235033721246182 -3.19914609173259 -0.835288171287085 0.227790573459753 -0.434068235062614 0.30035083716162 -0.078102425515747
0.598326504112114 0.587847158873561 -1.81102565372207 -0.506741995306981 2.53051740927386 -0.887695096834453 2.26443254883733 -1.45974154140736 0.919729708165807 0.0376286849820988
-0.900275673217001 3.11124852772589 -1.86228766641994 -0.390390114921285 2.03990530667491 -1.54790984342222 2.10471574308351 -1.36805582453802 -1.10895437604136 -0.247089300894628
-0.639972798071812 1.76976120699154 -0.699250153176476 0.148213038468159 -2.25742056059506 -2.13456373882984 1.33567533978492 -1.75152810581128 -0.797097819962194 -1.3920185629945
-3.88397006180075 2.81361918739796 -2.04588750655155 0.476096744858896 -2.89697774193252 -0.941639993359761 1.19503136695782 -1.42657276276332 -1.06348446286341 0.0750132325219828
-1.89336190195951 0.402579351447471 0.213000843193111 0.359439887005454 -1.1766648912541 -1.63629329353289 1.84734556340693 -0.965659194007032 -0.0296839488140925 -0.242596843296791
