1
0.110677479710207
0.103135666620278
0.277165486055156
0.113004216795401
0.100600411406971
0.120751104324082
0.105905417475911
0.122094412567717
0.332477410493294
0.134882750283642
0.253485477925007
0.253485477925007
0.12709846348257
0.10276270089266
0.116005649250167
0.15113531713966
0.515765629730717
0.13230663501714
0.131379952675873
0.139159783194313
0.148206888423638
0.160907406733506
0.120841524078704
0.137502991383746
0.168368091346297
0.104933381033494
0.150448526564788
0.107476409243748
0.276861174288278
0.35700116062744
0.145497386935738
0.145497386935738
0.105480906454858
0.150820504465306
0.13471474799777
0.254618658599729
0.107004028879841
0.112756534359535
0.269476282362146
0.104197609618628
0.119108401719883
0.154993322255219
0.106349957534027
0.116472751135843
0.119553541755145
0.104130537326141
0.102140695580788
0.482844926599506
0.472050877730964
0.104571295787389
0.104454689617128
0.21185121778783
0.125415229634206
0.199496518871131
0.113405668483036
0.246165057328251
0.107397032861436
0.10341592566784
0.161342947677
0.202603838286734
0.224702046961259
0.121990435476404
0.104247539395578
0.105235775891638
0.103485471841477
0.128771372400601
0.10795645007082
0.102357958107367
0.102357958107367
0.140934248639499
0.102465077420797
0.116896628906076
0.105970678833986
0.110883148188937
0.200434123313913
0.568121211247848
0.111671946311561
0.193898861574862
0.151358636535034
0.179704703660298
0.110761649942049
0.106735263826322
0.123750988481268
0.136905900600094
0.11259156673964
0.180388879963838
0.100332791406338
0.327402188042582
0.132034715841119
0.169059446416598
0.283807987711685
0.238572943849953
0.188656073670255
0.187915209621928
0.179631210596448
0.239154488293153
0.148320117336154
0.102976674336262
0.126716465448363
0.126716465448363
0.144510793951598
0.101759917479872
0.103417646122968
0.104854337114289
0.101759451013285
0.104310199063656
0.107452491976013
0.132949789351654
0.269341140058765
0.10371424291469
0.10095398159438
0.188867935705464
0.10023014260185
0.313936920944588
0.209842438891449
0.159322327537121
0.209422009522317
0.112466866259674
0.107554260422795
0.17033976846621
0.10317212001679
0.100943575834111
0.2093317495243
0.103392129483815
0.125359632769589
0.118824913504376
0.257303303854183
0.163564352737274
0.18551573350162
0.103831766203364
0.143037141451908
0.102792596898203
0.10219297927758
0.122863208884543
0.22203819965241
0.102301786081401
0.106517038341951
0.14708189649743
0.162602869529428
0.104951933334329
0.102209420404715
0.108073794777441
0.1654532266953
0.127075950229608
0.151474301922144
0.10081141400513
0.107901894482684
0.108980691533557
0.108980691533557
0.102259003056974
0.111427790845267
0.163298458691084
0.149233533968217
0.149233533968217
0.148129274777962
0.268662113987006
0.101998299033618
0.127213714932306
0.136347868551165
0.106156382678403
0.104130332073084
0.173883296242184
0.196106184320323
0.185040003602292
0.185040003602292
0.115390591936187
0.102085020461258
0.101151725805377
0.121635016579384
0.102149144276097
0.124254677688097
0.159157537416658
0.201674712892488
0.113585796256057
0.10854382241542
0.113173457434741
0.199128280655765
0.232933895345044
0.106415141406222
0.103693484130577
0.125098295185153
0.136400590232252
0.101357616231611
0.101055361380405
0.118793747370993
0.104611550724427
0.126902561847657
0.149766943827126
0.103585970050296
0.155723701325723
0.155142210435036
0.103016592626178
0.137358471854274
0.131986327120974
0.146178765209495
0.110746007927206
0.108416140153041
0.10396093512759
0.139520991524127
0.296067656447145
0.150119642182954
0.131669220692763
0.103799946550318
0.100317779205338
0.102528555794994
0.158547700760306
0.103852326315805
0.110636322092779
0.256921331988732
0.126639327409259
0.12001500828462
0.10658267048128
0.227285172643189
0.181380476307188
0.132365695240877
0.143590591203419
0.38537803328654
0.385378033286541
0.300004708545581
0.116101158214129
0.122767816536502
0.128838028767933
0.107559020152111
0.193619462270508
0.497153600016482
0.318217922028037
0.25237502896495
0.137792984677626
0.110325151736922
0.112786729403801
0.202900574104799
0.117261158330402
0.172473084142366
0.118016581740298
0.173606267547638
0.173606267547638
0.101070689676233
0.107475241808452
0.345732215582007
0.10482915347837
0.100436876820016
0.239589304363292
0.140290290710799
0.124305448228195
0.273503006967232
0.273503006967232
0.150351134943939
0.146570780830404
0.145135510387316
0.136707878654903
0.359884128615204
0.115535266845015
0.1339411124821
0.109844789763289
0.132144263051252
0.10512139947121
0.13330540943596
0.134651646214575
0.152699838164011
0.106387243944048
0.121954490257059
0.107534013482178
0.100833628144097
0.11580691470075
0.606691310197053
0.107929032270118
0.142725582267273
0.198454096039474
0.105704092100576
0.152979436680476
0.216226481800042
0.164189624143438
0.103163203598056
0.10130091749124
0.105729210899115
0.102533562536735
0.1053482492194
0.143182058368652
0.249451685836812
0.104597686963918
0.103449199541013
0.137502617071654
0.109046172444792
0.103331750398747
0.107670251954049
0.112534120225944
0.16701699349273
0.347860575034546
0.160293829448659
0.150975679809356
0.108463619704929
0.103870566361406
0.106377319116342
0.137145377606329
0.128233231418581
0.246036770601053
0.100550147088522
0.122291552387313
0.104865112286503
0.104646283335128
0.13531677826081
0.128996711547952
0.11266373424537
0.173926776518909
0.100906464745454
0.108557383968272
0.140741773864597
0.175267273806737
0.404926966621764
0.155382282588208
0.109646590673778
0.176355415057876
0.101154982026579
0.101154982026579
0.175356139399214
0.275970284529779
0.150455357347486
0.136514571563409
0.133381642614952
0.169737666289299
0.102146715997024
0.123677100237809
0.175360578461041
0.19200310567155
0.132906735324988
0.1041137388324
0.114763707247996
0.105823787376949
0.140135471127611
0.308773292105137
0.100872078256853
0.102062085551644
0.193281864924362
0.209562586503021
0.138379690797813
0.188091865356234
0.11299528766358
0.176613923140264
0.1050817827894
0.121471699604587
0.120141386239002
0.108857198169971
0.100437909459169
0.104500385800303
0.123732691108161
0.165126629103589
0.265757749215388
0.121972442014797
0.210152753236477
0.195423475896045
0.123289478973947
0.235090943752297
0.104894332571086
0.329668915202439
0.248361044463694
0.10415818963682
0.15986964765032
0.15986964765032
0.109639317669455
0.105252474255092
0.104719497500754
0.149379894415331
0.18969447298192
0.331733092884643
0.104605774884602
0.108049686853532
0.10409125155895
0.101591439647142
0.101073046000796
0.13278313859455
0.178284195997829
0.118838868678608
0.130352189813457
0.291911107652242
0.101739144541172
0.104301586343023
0.116307988880596
0.200219681575484
0.167955899522448
0.151966806860308
0.181524662610426
0.158646614935275
0.142809940555381
0.116579231710736
0.114369080099556
0.114369080099556
0.101489599689446
0.136465328151987
0.517192605397278
0.195177998519483
0.195177998519483
0.206356325867908
0.102807823363379
0.104504394676074
0.107449318547035
0.107917861223992
0.111925957044329
0.102024302737171
0.116779075976867
0.196147200855894
0.103035257386955
0.158797728542099
0.229451629508737
0.332576347090404
0.117346955187714
0.105681882488342
0.216897718372338
0.142884185840071
0.132895006688969
0.205420741987908
0.102686410972092
0.16025538015692
0.174587464466232
0.10980930754658
0.151417039233032
0.183607734830735
0.115666666776466
0.301533027349313
0.338331955110399
0.131162920819747
0.131162920819747
0.131162920819747
0.147424802245648
0.335499453680529
0.245463062272222
0.245463062272222
0.116594701884798
0.114662561727381
0.104684391646093
0.335081760163658
0.109772702359102
0.104574295374443
0.135563587463399
0.117077261971533
0.122056370291376
0.127851893360543
0.135551775143789
0.14563339564693
0.374211855838831
0.25128895190087
0.134876508492416
0.104284643955425
0.151069456308972
0.178025421788817
0.110638529378991
0.110700403615293
0.243705381893546
0.159994273098096
0.100284812598592
0.101225055300288
0.148220164199398
0.102711156999485
0.188604535729082
0.179843592189506
0.120708036482211
0.123293232737477
0.127241707977696
0.110508171417228
0.103591189779815
0.112552058187018
0.106515928710846
0.102736681554493
0.106854506080127
0.108707921612095
0.314971791074711
0.120159869618119
0.302474709394431
0.19267392878162
0.156895592053169
0.21533376578275
0.278912401894298
0.227092929549544
0.170556670501051
0.130830237356916
0.252137389664059
0.221611325987639
0.221611325987639
0.195346136363935
0.191206258286517
0.116516218607084
0.146357619262125
0.158006264572995
0.160063383126185
0.1753950477807
0.190349708595945
0.132782161996239
0.164370997861546
0.125495037213424
0.514317616610608
0.161170586971523
0.120616921584502
0.103242311989369
0.162089317379253
0.106421315279007
0.103831624116608
0.121061071258973
0.182132193701643
0.327793469818867
0.327793469818867
0.179893254796224
0.100444013817132
0.101077599533441
0.102630143245799
0.139664643873223
0.144768334964538
0.113949676402432
0.138606915889503
0.191143925992505
0.105532779418677
0.127424533725104
0.158789794355534
0.144027547372413
0.106646173737495
0.101753882194048
0.103166492604729
0.146028395549931
0.151760432382237
0.115387915395289
0.10047038589854
0.100575089632943
0.107924641524028
0.100366614312931
0.100586569001601
0.163556619404962
0.101205868748897
0.100355776835837
0.109743168439765
0.182196550235865
0.100228204793784
0.104384425096688
0.177396238421328
0.103220908004589
0.121856105449289
0.104120565887428
0.102115249209003
0.134326403266567
0.107393605890848
0.101596498872543
0.124225838944318
0.217662705363065
0.197268062773509
0.219618688309785
0.219618688309785
0.107352067333866
0.135158260288687
0.101116354735382
0.113289858419726
0.129302741789845
0.106642356873715
0.101525678550695
0.238009529062615
0.238009529062615
0.138658603949572
0.159408429236293
0.12835774626604
0.247959811984941
0.116690691887803
0.10771449920278
0.116419667429355
0.24439316212112
0.205931301511789
0.131362016711914
0.159798559270974
0.159798559270974
0.128200026816879
0.276260484760691
0.120259258376068
0.119625384660379
0.101450749491731
0.106147332141366
0.181116234778152
0.101479071229264
0.113545288034334
0.118931643504894
0.111856649152939
0.104982575996928
0.118936407000872
0.108573825900656
0.146261211663964
0.161525781076224
0.127898122411959
0.12768417406059
0.322809518179752
0.103143181869598
0.104577969510375
0.423423457831365
0.130999272064962
0.194906856360688
0.163256680545421
0.113445311601917
0.106029812794909
0.162615535322434
0.102880203686137
0.182663950618582
0.19296368483898
0.12669040905797
0.289236710743619
0.110766260419051
0.100367178086774
0.100617195465118
0.106506531862672
0.106506531862672
0.163940544743977
0.186865890539693
0.149178806072118
0.105206427754264
0.117446998249494
0.116321411112742
0.237821718720981
0.117634346718586
0.109731618039145
0.128506883629838
0.114621524666977
0.179288245639023
0.121407994018682
0.202900686468492
0.103643422348273
0.11301325379776
0.104389221836406
0.103511848603862
0.127081422687191
0.215770097269316
0.215770097269316
0.150688014032563
0.266905272183313
0.150669039576333
0.179707647792412
0.101268949811655
0.150441281739691
0.101353991783108
0.102493429566079
0.106400724300182
0.130119953144841
0.273150282632767
0.12552680585776
0.105121406560911
0.162467354121711
0.143279907712249
0.228794626704842
0.100774158543374
0.152549059419484
0.131203845287805
0.194683348312314
0.105107196181831
0.114757820251912
0.113120228025142
0.133640634279159
0.123966885719413
0.101384390748328
0.205784324978936
0.16111812941743
0.100774090733804
0.110692691194843
0.240007185159242
0.240007185159242
0.240007185159242
0.135324504637879
0.451283212106593
0.11887779695079
0.137268810450723
0.101930357115195
0.104630481414109
0.102010793532041
0.104807812583237
0.183460919064033
0.204284551284131
0.238199167787699
0.178663258788155
0.105713090334719
0.109903062639714
0.101398878962401
0.37719032918484
0.355293222842717
0.259288196079268
0.276789089557962
0.1882267766415
0.10332943268625
0.190208681663337
0.11510631657332
0.104086422740147
0.106176281727087
0.124461361114199
0.103964135063364
0.100590247752443
0.102361516963159
0.124096109228977
0.104487103201898
0.100351863409226
0.103219375746722
0.126405199109047
0.132479695624553
0.101098642846027
0.230541896335755
0.155559246663246
0.116685854026738
0.104292016144771
0.105913668959842
0.101030163316211
0.168316332386887
0.19934920359132
0.112759349290983
0.206395796983075
0.103033307845089
0.10383852106037
0.13774787084311
0.194000540931754
0.395885023292304
0.230498677815163
0.230498677815163
0.101560889572928
0.101858330945459
0.169469764284716
0.102303517733571
0.113923546092689
0.117096095322241
0.144470274528461
0.129346458027742
0.100753639094455
0.100753639094455
0.155801379139427
0.155801379139427
0.121651414043275
0.128100188405045
0.143635979923584
0.106962960355108
0.245146552246803
0.107543382305861
0.110315956830592
0.102504673634689
0.102325916044755
0.128394217206925
0.111877181183104
0.235444719394957
0.109246998644113
0.194560249000319
0.145425666618772
0.116973014576325
0.114481226780013
0.11262539021938
0.131655216415615
0.101017047271221
0.133597569437732
0.137724059614183
0.213638180936375
0.199447556764033
0.120397032336532
0.439057245605287
0.120443850330549
0.195019390011547
0.106717639159347
0.315872195669798
0.170531831766689
0.124783026685758
0.110180523467163
0.10210321979423
0.111348848834041
0.217572000399535
0.121422710120517
0.183858356272895
0.187082336958462
0.131931463089517
0.11352389919154
0.141945054923246
0.114162877191125
0.222326123378451
0.10545238697021
0.130531900144537
0.391010002339741
0.218770203538536
0.120233545739787
0.104883046347813
0.182451496877893
0.135970612102081
0.159559920927099
0.162228446599249
0.100322327066114
0.105041694293862
0.133015503422632
0.163043263270679
0.168070207011938
0.252131278890123
0.102344016354737
0.113402439532337
0.193845774482325
0.142629665449425
0.105883219235881
0.135030970774189
0.223861439201853
0.131031242511765
0.158618024211582
0.125902547460204
0.130072692105448
0.105955228032461
0.102469272556284
0.123824721560135
0.117674895969443
0.141262417041581
0.134450917754298
0.138612605441671
0.100406398177284
0.105123382133477
0.207664040707989
0.157563928982573
0.148691085705585
0.165097690872916
0.155746563122988
0.148188014653054
0.111061596661563
0.102621384426214
0.261137741457714
0.143388706682092
0.143388706682092
0.241544451403785
0.261859156354772
0.12087480255547
0.177983863816428
0.158027190518572
0.152862052690222
0.141418986957892
0.13449041880231
0.102484405775321
0.14849265455521
0.102138907584663
0.109412193689413
0.182176582451888
0.450803435443965
0.106869104820851
0.102439189856582
0.102319725349101
0.6062007275645
0.112250821131238
0.169795723730363
0.102026927874317
0.308418738231672
0.183198768581073
0.112484860176686
0.112484860176686
0.101241979491205
0.101155809121877
0.105951753572767
0.118290447525644
0.212423296473667
0.109332884564698
0.10221283425408
0.101711103175974
0.104354955027649
0.126916758859546
0.225817878906144
0.109454290262331
0.125311281577426
0.118873601991095
0.106139613868007
0.155489603799653
0.136111669124002
0.105017150721837
0.105952359920932
0.103491829698771
0.100224563729296
0.202954142421313
0.103113759378972
0.104227328207289
0.105619044672432
0.423858232442426
0.283314057957349
0.22188561199255
0.195754200837062
0.111464418349998
0.117183839742884
0.30809598146598
0.278627669365582
0.101005337309711
0.219201172989321
0.12769865082521
0.120518253513457
0.101418399418863
0.242147597661201
0.129167838987759
0.199621871394662
0.131922130195365
0.111719845219006
0.151400484231282
0.122105762470251
0.100960515865639
0.326638743046167
0.128315080271219
0.372110953013386
0.203759832576215
0.224960370181496
0.102482704838841
0.102482704838841
0.100394195651065
0.105231315190953
0.163884097617525
0.117405975842255
0.253803254762633
0.227970122674626
0.173479862726554
0.150471877918344
0.105368649890064
0.152311088010672
0.151796016698682
0.103195334316637
0.108812005204854
0.113502434913742
0.188204192398235
0.167373157024209
0.123372084861876
0.100017577935774
0.100261133154377
0.100182548698814
0.103557673130374
0.106811886047128
0.142411646403757
0.100617003761263
0.1312893387241
0.127546548462558
0.1050700842328
0.14204512391805
0.17853315760003
0.102812131819888
0.103232644803422
0.105022578812535
0.283854844570089
0.124962864800296
0.124962864800296
0.281846427136235
0.113556556722279
0.124616121598392
0.132043034800743
0.110532987574014
0.100849185754151
0.156901319930085
0.168371989391817
0.153594434869256
0.103360005551048
0.120695923254471
0.169324092361589
0.115280512134075
0.103211336694882
0.257478600245537
0.109614934531045
0.100803909596432
0.130702263456526
0.103406183649504
0.245941726189351
0.223331901291705
0.110250029241868
0.101148843056656
0.149410993959382
0.10536002827421
0.247812499447924
0.147101945379773
0.107637122037381
0.189991245703412
0.208003452142737
0.104968170779237
0.140878249143509
0.280459069697654
0.286642250371383
0.109469937280515
0.100212922986304
0.110849178965672
0.192019837114677
0.119443728717647
0.102445437310462
0.102064323009357
0.135844715937447
0.602399833292896
0.142934062410062
0.159441063248937
0.491357621602827
0.167866661383951
0.103151182191199
0.102691947314124
0.104760405207165
0.104258306464112
0.113233132220588
0.103785082019013
0.188868675557328
0.101651498558488
0.113085704348264
0.103012094986935
0.102032167595322
0.189006638224497
0.10397774518211
0.104254438213458
0.109865607065888
0.164932966943323
0.110943104350828
0.246735556064467
0.106865542297199
0.10696042936742
0.109318532435766
0.151825337130683
0.159268832510431
0.106669443438322
0.103962092295534
0.104438006278144
0.102579603504046
0.210007761437183
0.180532560437451
0.137488306674445
0.201166974884452
0.108190436359868
0.10318408677887
0.113310598918782
0.169269095530132
0.504063844463633
0.144732025190413
0.129260843635834
0.222797903362227
0.14165329893709
0.14165329893709
0.118059524959443
0.105031024141878
0.260737757423962
0.234856135891642
0.345379517147066
0.360308314314173
0.119268279061555
0.137115898748989
0.223216736455665
0.10111878943029
0.192143573330649
0.160910415561281
0.11475201330474
0.109331890446845
0.103043114861197
0.104968939141705
0.191795097569795
0.207200468319792
0.229879650907652
0.112697610886924
0.120323735787477
0.121432821138179
0.120854810623278
0.105599668302831
0.174686244903367
0.101091136877031
0.104521358823229
0.101683267966746
0.107059984341975
0.19799566554901
0.11403614151852
0.102396053834462
0.14636203767369
0.104092779709174
0.140227561069942
0.14828044845086
0.111648275559914
0.33131368887181
0.210432961363066
0.117564617654414
0.108350050085672
0.110491907126263
0.186272363032514
0.186272363032514
0.169110597033709
0.10945103890527
0.382260604317093
0.140904066093734
0.187260190890232
0.293292967910861
0.201105505757908
0.128022183699139
0.12249399432587
0.117544029509875
0.143961876863011
0.135212422532202
0.127289874308224
0.104797069010579
0.142270662970318
0.142270662970318
0.106154666241207
0.14250426751698
0.108301299039905
0.107836968388752
0.141066937774598
0.11890042652453
0.205626293940616
0.117661144042494
0.156024243845723
0.103931252124852
0.101298822270737
0.132527321074179
0.162914282489047
0.170064368591047
0.170064368591047
0.170064368591047
0.214244263093385
0.116987663761588
0.342988395868354
0.101475239499147
0.121331934287173
0.19978620382391
0.146348093452933
0.107266727441332
0.102017343265466
0.102198097691176
0.101083190464171
0.163113975373749
0.323416822038958
0.319760467698658
0.154472722120509
0.237273323099116
0.237273323099116
0.103787566743053
0.100509450881213
0.103258270731146
0.120678235910932
0.103950376824866
0.100071937563115
0.269563365605552
0.110458049510578
0.191309299425429
0.20965444637225
0.113496011476509
0.106400844542662
0.167614054930441
0.106909315170655
0.103290530702776
0.174786858462044
0.251174002445888
0.100134473522834
0.101954874386428
0.10432772826476
0.126820951544909
0.150200287814355
0.149945722660791
0.273760784308425
0.258169966776425
0.125267632391613
0.171483466112818
0.113449788682027
0.100675234735833
0.115960497633058
0.179497134129175
0.118263723437879
0.118263723437879
0.155785006156648
0.226669184038218
0.116176965291964
0.1040855188301
0.135481908077589
0.103173214492922
0.111517803800972
0.149944149498286
0.109762960901157
0.110677743894531
0.134491969243031
0.359274471534335
0.101301187247491
0.13532061637127
0.123535946351072
0.638981789888781
0.190531194122792
0.127033692983646
0.100197901624672
0.100098808370941
0.10075708767425
0.187575870220596
0.141383569560688
0.120636380539967
0.106449575638085
0.137741189097724
0.136597105249024
0.102538614482842
0.101100090016113
0.100137332892298
0.111898230810042
0.508664306793554
0.235078115055891
0.200624090001405
0.182033585532122
0.135617972854302
0.1040052994742
0.107764824869138
0.104463199494766
0.121467092164402
0.111990421414969
0.10709851471338
0.111426491492778
0.178590390526168
0.103388105411566
0.109176233781531
0.135007857722921
0.111330669494742
0.16989879150767
0.315321514450623
0.23630449035904
0.271381689917665
0.125659464098733
0.124291336042955
0.104958034560216
0.119464138762618
0.130615301919458
0.251137769721793
0.251632922908723
0.117793906481149
0.198547728989587
0.106864486786095
0.183729897626828
0.102996972578387
0.101264982846728
0.10050011550951
0.171150408779634
0.146883027574961
0.162917642324985
0.167090706512334
0.102922496631571
0.189032599160728
0.110603628287003
0.18633420096452
0.102068507162818
0.101989518245364
0.111607104657902
0.105571840708062
0.101976815546215
0.102671534380464
0.127263453610957
0.104859711941724
0.113779178325778
0.112145472288523
0.178535149279556
0.200171177059508
0.200171177059508
0.200171177059508
0.156136044641011
0.101923189054279
0.124623764984513
0.101777270197234
0.146613138175141
0.119085326657228
0.189125541924266
0.102009252855663
0.105876444493798
0.367491738803303
0.155019467931018
0.103545115088516
0.100162099304339
0.100916982354837
0.100272650432505
0.101669959177946
0.105234978466634
0.102277308586655
0.102277308586655
0.102371276187854
0.110321463804623
0.103933943608912
0.109452639376132
0.130197236051939
0.115085750640347
0.186728329804797
0.273593335261543
0.100056230396405
0.110609281953941
0.131598986894991
0.217572943930807
0.107518953017037
0.211288310401303
0.145562139313638
0.127560268109735
0.315810489730826
0.127000959085173
0.19498620090802
0.111392999984633
0.109190455976605
0.111849809433981
0.104825067133113
0.106032234985683
0.13001794863586
0.168266547491654
0.125434596914803
0.118658805891479
0.141741294600815
0.17064881406387
0.185036497357001
0.113365246070361
0.133553076643988
0.101485052604267
0.104399949051296
0.109098149010022
0.10615327417124
0.100129765184482
0.101143279862384
0.116203042411096
0.155041414837224
0.191573432106296
0.141215304232606
0.1256442967944
0.137569321564778
0.103688918766868
0.172200271760749
0.108953074709424
0.159430065453531
0.101395591104616
0.101564262433397
0.113923929048327
0.153661132875169
0.108081338405952
0.113397141621979
0.141814980534203
0.109161493342365
0.339863153363536
0.146090409017808
0.112795835027819
0.400500175185986
0.190383209456153
0.102301346141658
0.100548875893567
0.155970576991768
0.134381013804662
0.10683819953021
0.202009771041284
0.142427004639642
0.151348246789732
0.199836703516608
0.109998436048041
0.12672688588985
0.21989995617758
0.109592858345429
0.101469080609025
0.119733560833502
0.138605747845105
0.262683260729192
0.187719342927055
0.186854669386214
0.278020054628388
0.212243865970243
0.112714871407078
0.141349635879187
0.146768017816534
0.30406043994234
0.117325580513694
0.149842655148346
0.262557142060291
0.142690338581428
0.106646001547713
0.152990411563329
0.21768026791404
0.120703603043315
0.103754509360159
0.104480326991562
0.104480326991562
0.153197677819633
0.102119553541677
0.103901511781816
0.104734437340223
0.106773630943206
0.106773630943206
0.145728311013225
0.102701819604835
0.266266613593764
0.104162910520119
0.148523312321939
0.12236718317996
0.182225381590032
0.113609525298715
0.10131241460188
0.181225377396835
0.103381806942879
0.107784310470393
0.124531439236526
0.103349567610156
0.119491143436253
0.129482494014006
0.139339470171277
0.118546208897848
0.110951296790272
0.177116696965262
0.394560781295432
0.11451279704258
0.151597463435729
0.107741948329571
0.111809591066382
0.110002890635796
0.424980478431078
0.424980478431078
0.104505440742798
0.198378204321784
0.138113737211456
0.100384601479169
0.100352047143301
0.100352047143301
0.123713295554343
0.110012148635174
0.105135653860574
0.313341332236147
0.224610142635251
0.224610142635251
0.118764802656404
0.190123137275361
0.202493519982409
0.115492420316182
0.346875080137671
0.106288057648073
0.195777273771079
0.111178908149571
0.262203030964582
0.262203030964582
0.248742385209324
0.200837338139383
0.138531765445992
0.136898480044537
0.307994083595373
0.113663468572515
0.232797171403871
0.107903868700141
0.250827368202266
0.322159268448901
0.26721259440228
0.185557168218881
0.177874355607411
0.101296387333233
0.104903437229925
0.103910608179083
0.214705728886943
0.397060155354941
0.210612606756381
0.130275398122553
0.10169383786271
0.116740839575362
0.116740839575362
0.109026279660025
0.102473120183536
0.135915640606778
0.101574590110315
0.336552069931663
0.160935807917534
0.109240804378971
0.202905259886083
0.125360544033557
0.12346536883757
0.106421720710868
0.105076107920838
0.246445255772182
0.10640189824507
0.10420630034921
0.197449746595383
0.104982815246452
0.103445046235177
0.103799895797049
0.320158246998191
0.204282770943171
0.101823303929397
0.256846663582808
0.124323664804277
0.106028235351502
0.103308170123267
0.107543447586647
0.19320738015178
0.139501349699379
0.139501349699379
0.369657002709893
0.104834038748935
0.104623221789748
0.104403109117499
0.101891992472205
0.124931155754465
0.100520002677837
0.105722085651579
0.12032151523881
0.320223572632247
0.103754715647797
0.111503214133898
0.16875061522262
0.272107816481976
0.181436445996804
0.186516110294123
0.167224399474228
0.106253540815147
0.14296757319556
0.365700825590942
0.107221462771369
0.117200626004548
0.117200626004548
0.127561477867502
0.138935441815079
0.105264898520075
0.258064521783515
0.117613935042606
0.118624179718481
0.112846872477401
0.105680552265449
0.159440776144992
0.11228582214359
0.107491618673049
0.100141845299994
0.121792413284869
0.133208402737241
0.115761303332371
0.103357772783578
0.114349866613868
0.197466099581032
0.233375264317389
0.114179472613233
0.2130759514784
0.100848047931257
0.126110073848973
0.13635088009106
0.196395344154994
0.196395344154994
0.248416585311825
0.164098406918751
0.152261650774925
0.101525861761341
0.101243380032855
0.113396585842232
0.267827024420131
0.137684711767483
0.129798548546801
0.156131758610026
0.156131758610026
0.162561497956571
0.172182070791003
0.305186432533261
0.112580257081824
0.104335461416122
0.167686234838588
0.111445870084185
0.111750966032408
0.109929456451296
0.109929456451296
0.489904065487557
0.10933452054419
0.639433527354363
0.108111608660724
0.117182012824698
0.101984524099233
0.108629319932163
0.118356927080305
0.115622237507324
0.164380904478317
0.105679262910446
0.443637424179135
0.196405268184564
0.104242312586038
0.103459415440344
0.104511602011719
0.158991556345937
0.101656048282704
0.149135021263536
0.107613726861621
0.186249754584682
0.116722728394195
0.103766455367189
0.107709700650074
0.101156265984568
0.103780743353518
0.106378548998346
0.110197941598729
0.486211245409654
0.166722506875059
0.126112139281659
0.129552943343426
0.152293901652633
0.121827870765136
0.124337596798221
0.104075011301494
0.108853529804825
0.114088300872971
0.114283906888764
0.102389157046257
0.102389157046257
0.128818862565359
0.221385139622339
0.222189825598495
0.164909459039332
0.14002068904799
0.102861261849918
0.103901590102789
0.107704525022989
0.146658451358059
0.101597461564258
0.169922560721048
0.274670853365089
0.105860179609063
0.104278533926613
0.106850839554643
0.111332640215842
0.139719835749492
0.105479836988131
0.121363935615462
0.244056633640457
0.113415108463338
0.186027123587895
0.214116716647848
0.100933276749501
0.330767705611418
0.196546925540052
0.112238030544007
0.17817710361083
0.110777303633981
0.101572678132372
0.150600111514228
0.137275740145203
0.116989933834223
0.136459554563102
0.107559989032208
0.105751713820787
0.127198404265214
0.119417685992922
0.116050466558065
0.100905315416299
0.100857677085916
0.116675852905138
0.206617647142373
0.106754338454022
0.10006544918329
0.158125811798517
0.246944979181919
0.101210294393933
0.114562098516012
0.164826242775515
0.225040257143834
0.189866727396175
0.111737067939902
0.23344567976378
0.154730154888046
0.200715722571646
0.104767591895438
0.103323544249648
0.110607592141628
0.202862836802318
0.176623054143369
0.115910673586936
0.119045641681078
0.107692798412245
0.105301523614701
0.104270842245453
0.101774305744905
0.100375651711814
0.109469339836173
0.171795755624298
0.135252687756614
0.112171550574835
0.111308385409012
0.646533804813018
0.128060921374529
0.117492030460499
0.103164734140737
0.15234222671353
0.102696447501485
0.197678995287755
0.361395906711558
0.28448620133708
0.183954431765
0.103967392290273
0.129257697068276
0.102160038752192
0.203741214870003
0.101084690826254
0.100255417380435
0.100913302208803
0.100613970191477
0.123955564313393
0.113611665465938
0.103357006295872
0.132411065594928
0.103928640737687
0.268087191075625
0.149699270585872
0.152632309663344
0.125400763252361
0.123658068743557
0.133671309173384
0.107623384281553
0.181379229483971
0.113952835562232
0.110840333755838
0.110804992832767
0.10849163427893
0.162307929096364
0.130525100708682
0.101178142149082
0.28191554096525
0.117916460637358
0.190723559568205
0.193829865186936
0.186180826832347
0.100578582248573
0.125460034067074
0.103780544069006
0.124088046599573
0.150873731604009
0.121905924933319
0.128212212787104
0.101294895719149
0.185016440464991
0.10908287140694
0.113154756657985
0.648926645431216
0.108203001219221
0.108867217621194
0.108844743785074
0.21633770177004
0.144349180670512
0.111015364840405
0.10461862458565
0.101793105334044
0.116071644700079
0.170951772493082
0.111602901282493
0.189852579516627
0.216026121012603
0.101443625023069
0.195700667618054
0.273453702984052
0.159101174625437
0.2013154966193
0.140347090692759
0.288363282942355
0.357517374325772
0.107709770607906
0.103361747701179
0.136646704526771
0.146969920480251
0.274155091510562
0.162509246693958
0.21255480582077
0.117456003990999
0.108904549084006
0.249655495674418
0.251017629947328
0.1479784533191
0.127251760281389
0.119771931243791
0.132237823899395
0.107869428774484
0.108959656871577
0.119279374537913
0.290801688690414
0.104957677416865
0.13428077905859
0.146899810602615
0.125002690520428
0.205965936968522
0.290217839123368
0.127461292014333
0.137060547655726
0.100604222800809
0.122448497209822
0.126804782454005
0.106957766391161
0.19117548278053
0.192061769704648
0.143557179352931
0.116342208504642
0.129469393080511
0.272481404423589
0.272481404423589
0.100347392623301
0.326981541668289
0.122674581492799
0.180658734017654
0.180658734017654
0.180658734017654
0.174263559057025
0.187503967152074
0.10374041172012
0.104239759615221
0.108824808887501
0.188779439834636
0.184174135017693
0.154400391684722
0.129913159166165
0.104347390446149
0.227249404111126
0.104765146230769
0.105165648588641
0.105165648588641
0.1134204677613
0.201871288218613
0.124201701733236
0.195727123729894
0.160160268459063
0.255291482936562
0.363830288444863
0.181433955493731
0.181433955493731
0.181433955493731
0.146065757825199
0.168900929286421
0.120415505987173
0.114725472183455
0.224999106123172
0.10333686810569
0.125165234659654
0.11961386712617
0.129676952979581
0.157124990797869
0.1317448722971
0.225591851907022
0.178909809501922
0.212310914119797
0.183179641843444
0.183179641843444
0.112080098747067
0.194989347311867
0.11156819692829
0.11156819692829
0.149043212825604
0.111690246396909
0.142246580993074
0.11161120580946
0.100003321173042
0.127051688870511
0.103551614714647
0.159375998009411
0.139128184872838
0.115753274779211
0.152520911775693
0.215575806383789
0.215575806383789
0.112159250301501
0.124915811688662
0.111190913816701
0.168244845914537
0.162459715003069
0.248682986019126
0.104774094380074
0.250187277794865
0.151953402113404
0.114782336763467
0.227546683091962
0.193753676542384
0.193753676542384
0.111144482927502
0.107004989324701
0.104506186270662
0.102800767006341
0.243607216954383
0.228524947538677
0.10765720067459
0.111084920722247
0.106748726364517
0.120281253210115
0.131376266451932
0.180073561636793
0.136202721819563
0.118293822979108
0.100236343101966
0.100755784501953
0.102864041781421
0.101118373323625
0.210782091108412
0.117471801555581
0.121836112596118
0.105690948093652
0.140621530161022
0.195794489071036
0.102593398349132
0.122814296009162
0.109441533840034
0.109441533840034
0.207300793288891
0.154362350937861
0.521324018689975
0.106343496164146
0.107029756276025
0.116525856596645
0.17143885337391
0.108143948503074
0.13381473047234
0.13381473047234
0.109686641967717
0.100666015234034
0.129604058000549
0.126949992409445
0.29272382852539
0.170287830323127
0.249040456041873
0.141597484102954
0.110671747080692
0.150860820637915
0.122006460641899
0.106970556625386
0.32282013203664
0.100732203483197
0.100938060277695
0.465848146377295
0.167788154927785
0.101739715145242
0.10301935806026
0.169263127326808
0.103974215656361
0.256176293662106
0.13235279778616
0.109866063123321
0.152167503693258
0.310247177390673
0.197957546328028
0.158606071900402
0.16731746278078
0.11584788026384
0.113527339785059
0.113527339785059
0.109372240815238
0.165466073740508
0.100400154242728
0.101534818996379
0.103073132794757
0.123885274419126
0.171140235983708
0.103247931293766
0.102471790806228
0.150442008036308
0.153995836374624
0.104636122504603
0.108836208629458
0.134916255876395
0.195224651962499
0.250808082936386
0.335568649698807
0.106590929843132
0.114268885426094
0.178441600955469
0.159673733975598
0.10281849975097
0.103592600291983
0.109765467034355
0.13726091717151
0.224507362013951
0.123628296928237
0.111995272182662
0.132655170110663
0.191105322156988
0.214081192797636
0.104729066883424
0.166775562999008
0.128622837136235
0.134452624963323
0.138284818661809
0.105806652251552
0.108208190898031
0.107174468166195
0.102489135458803
0.105702561439242
0.114706247949678
0.10518186655105
0.163788996810223
0.151488455374465
0.107244025521838
0.123709577243673
0.100362172961935
0.101148148501857
0.134072142812478
0.10434289826883
0.336334517693776
0.149194036840738
0.127612657492213
0.104875695756649
0.159893026014048
0.155416480369938
0.131602562799211
0.215931289473391
0.192851402851053
0.108049593332088
0.109317541900386
0.213562844074032
0.126260788161926
0.103475646296864
0.251277982470231
0.104870392379553
0.104064273686737
0.131855380096218
0.108034622417497
0.103010591042244
0.108502010719304
0.123229908801967
0.112593035788726
0.100910822015634
0.33328871222575
0.128601432812176
0.105097454737548
0.115688968237494
0.100932459215737
0.142633207253197
0.227591255961505
0.101142154047103
0.103716651264086
0.109278573695355
0.116891916104287
0.116886228459809
0.164961652165658
0.105111132367769
0.244894760482411
0.180297581189925
0.152948414582968
0.152948414582968
0.148493823408792
0.113277331847736
0.110737877402329
0.167285259191493
0.119211006510389
0.102437467804781
0.10403122602591
0.104758886865394
0.132025148302198
