3
0.749173578425748
0.585439546160194
0.692999422302509
0.543116580983575
0.752807024079066
1.4466523289265
0.872831661660966
0.549950089597047
0.687541233070547
0.792968757162375
0.732137332084806
0.757682875904433
0.74556117560577
0.523154871809577
1.53723799640147
0.692804216591146
0.643509825934574
2.0683105717746
1.24933557959154
0.803559951485562
1.27221488421008
0.51548906829145
1.58843812184732
1.43872591013471
0.776699108360037
1.33372950729936
0.516256726464888
0.567418150620513
0.603986454893082
0.546417796818721
0.740262272744242
0.821113359382859
0.965720778427459
0.557495845201668
0.557495845201668
0.685795712344917
0.630820278272747
0.738985069670231
0.90883770687693
0.910723617179364
0.589408569894593
0.549505608550271
0.547895111402592
0.533183888827233
0.503556085928463
0.501950676582722
1.24545226386661
0.66220180249054
0.626656933824136
1.45267947677104
1.17856106476595
1.693388360273
0.711335081788079
0.68696335517506
0.521583507245123
0.60928301855726
2.55946611929169
0.628824413081266
0.777228098693061
0.63023364079192
0.560770664869988
0.735835005235814
0.643119310925012
0.508540925045965
0.720861772250939
0.968383098875861
0.820601849077678
3.09786175910947
3.09786175910947
0.814256159557824
1.47958702004968
0.57198082727631
0.504337800665453
1.44164031315117
0.855222245482058
1.60749009370886
3.60117900181833
0.658057753270554
0.556356993169146
0.800345928397548
0.50779666317237
0.507816304161015
0.553497428256225
1.16840256419403
0.657759728610939
0.547362158092843
0.719964377735332
0.524597651571016
0.886617318168302
0.876200750702061
1.0380930065145
1.92975764798548
1.6477265819477
0.776739493812948
0.735265405080429
0.520924602244699
0.991965192486577
0.578734581432202
0.946877628608555
0.735713559091034
1.98281808002361
1.72955277130234
1.37151374192092
0.606027219775883
0.609167263158001
1.59815990830312
0.546246493588552
0.992716586017033
0.5501182567071
0.614860587110495
0.749005042989658
0.764389581971533
5.29662980770255
0.594086069643534
0.541907641557229
0.536902892635398
0.53154369403898
0.877693082069482
0.611114476771063
0.513398739712741
0.560818097260493
2.0826783816606
0.565432643093551
0.621905582889099
0.658297208884207
0.560268026304064
0.664704433564899
0.587743976539605
0.505972148284865
0.50463570303281
1.00426810576209
1.06920756029205
1.54974407265509
1.32155239735864
0.748554830835743
0.517641736815347
0.594764480522458
0.519560739840612
1.05339547216625
0.855528531199422
0.640369006676638
0.508151336298459
0.526493038142708
0.503481498249888
0.500452483380216
0.626593084596493
0.563552144155618
0.964636929977929
0.782047450876349
0.742273184719021
0.525699638188928
0.503959317221655
0.521001888029442
0.523500189899784
0.560207548713192
1.0062774385123
0.74903709291051
0.597622287522269
0.715978487457645
0.944476947643379
0.508431357862794
1.1649436894925
1.1649436894925
0.883002315579373
1.6711175908068
0.840376606647767
1.12648653290813
1.12648653290813
2.41949487376072
0.580104497796745
0.847590329205693
1.01754147459017
0.597910084205183
1.34219361803423
0.795315816152861
1.25416395294661
0.546506228640969
0.533471274512242
2.7365074820454
2.10052360165387
0.638054961723336
0.50173008231834
1.05924880269561
0.53813179763376
0.672713939323898
1.42494029422538
0.534356223311623
0.646701359473817
0.765063553645971
0.652499722740022
0.636031160352878
1.17079988106503
0.547766857557682
0.521399116155153
0.576918489345804
0.666899855751306
1.71880896558979
1.25361743802673
0.694162014069298
0.658818136427862
0.512645392631265
0.582562957764953
1.72995046047558
0.597732377398651
0.846638253782217
0.868552765727091
1.02326716862366
0.720692984194508
0.796158177185758
1.25519875536206
0.533263150568235
0.804644087895352
0.603463552168139
0.637105182200387
0.608964582176953
0.608964582176953
0.810101566521145
0.928074326938816
0.761237507461431
1.62461783437701
0.770837426322237
0.802882112548435
3.65487868259503
0.911407654425701
0.646323841747233
0.622735672130279
1.30931854608758
0.732366366340408
0.650216015664876
0.629012412782726
0.633933175145871
0.621151622837645
1.63281184694316
0.606787718360563
0.541616236688222
0.511146847419815
0.819853386729001
1.29347836503064
0.733794013002512
1.424204541486
1.7757649898009
0.980066288715071
0.96425672800412
0.859740042016174
0.564157509983099
0.613180902399361
0.703977827903564
0.937432364830514
0.771371041300807
0.932306536647679
0.506380737232383
0.726427198911793
0.61692423724373
0.618619214359965
0.803872106788921
0.594199721696049
0.50281754733874
1.19496414109536
1.23891835230664
1.32307027762858
1.17925692504828
0.644193849981943
4.1583879634702
0.6505356672505
0.734439256387547
0.566411151474191
0.611314686989743
0.612545223475854
0.647176300607245
0.616572140193434
0.638876273702278
0.572175660080585
2.40688140208252
2.07206517375911
0.950078880358087
1.31598539529764
0.511666998093175
0.665466956720845
0.510571979124525
3.23651811863657
0.955954416592202
0.534701228084459
1.03008174312382
0.568321517311504
2.09923144817228
0.543031208251859
0.547003665361364
0.731810810275063
0.629161245270651
0.821951520034907
0.845704387563609
0.766610077996774
0.630431298389132
0.547831046197807
0.5993513563511
0.604516423185415
0.860707433045802
0.524449029239685
0.537400603767229
0.876603311998048
0.949475270185338
0.97732577704009
0.568341269876849
0.693256918421169
1.4477170564105
1.05824815642034
0.947580199140577
0.75427057286767
2.95339618898865
0.788493732503712
0.993095005559111
1.33807324914484
1.40878921503381
1.40878921503381
0.523522941550971
0.872579444034298
1.5129372079667
0.97980554843174
0.570447834799586
0.698564249066696
0.674940257487708
0.661132449296231
0.92247724574218
0.663469248698203
0.512744828166557
0.51055080869377
0.555450875261176
0.749476827441201
0.530371402823351
0.848320529332145
0.955035792155071
0.693415038873334
0.583730793765196
0.856247888409811
0.854038671917202
0.515361050650622
1.15374854146863
0.648195075030581
0.742395760048797
0.731349754033513
0.645657520350501
1.90084170818938
0.849365653782898
0.531119048849343
0.514488904396378
0.928343689203792
0.573697664551975
1.58640099736204
0.615096933520145
1.08635891279499
1.0715067977157
1.04223350833116
1.47950258061805
0.994425800130144
0.536650651429941
1.26055924535016
0.660255394708503
0.600369334414178
0.523584295243525
0.80455773889266
2.11091227410348
0.504801068019829
0.552486595098858
1.15102865800694
0.530834435792018
0.739635801809211
0.722369485412517
4.837917026566
3.60229723318337
0.729330271310692
0.523870401055903
0.676130245489352
1.47886282167474
0.571664750669038
2.85655269398516
2.85655269398516
1.01835734603389
0.933419151160748
0.644502758891433
0.644502758891433
0.543080045389075
0.600179995349307
0.605397594636331
0.594645697526739
0.594645697526739
0.540137727072688
0.574851851935201
0.550861674897897
0.839951195333926
1.80940526130993
1.80940526130993
0.630050980465472
0.587565833239222
0.50136217405972
0.501209140856139
0.509025935290663
0.525176332457138
0.530315515117791
0.61304894508309
0.989003860797368
0.535898080906541
1.20579502558769
0.897184883076815
0.858734243095276
3.38968346363244
0.793606757827345
0.507570908222807
0.860060229352135
0.51617845324619
0.545344083454759
0.565890243499538
0.95798752302719
1.00749692814909
1.19523022323172
1.09295430151509
0.738065702009606
0.601531230327351
0.548117448712376
0.58726203386893
0.717472611673085
0.6758646375934
0.6758646375934
0.678391764462235
1.37913524969895
1.07075714080109
0.729639395598694
1.24572510937747
0.523175200818805
0.789714098635921
0.506154642968122
0.509166943373255
0.508044801526947
0.803773148647498
0.549871449335259
0.567814631772316
0.511622781235511
1.13389129159631
0.562399503319183
1.02784679511093
0.586102081656784
1.01857154168896
0.696760724865284
0.680701657078947
1.40032920061375
1.34663514157575
1.16428116593789
1.3945169760695
1.75760919209179
2.00930556615814
5.21092001833642
0.835138756609702
1.54069120731205
0.579817229901089
0.657177072249804
1.26906782807074
0.717814948711845
0.616634611994958
0.885701443781236
1.41000343525241
0.535556630461735
0.52509101019512
0.622422435033647
1.03767391151743
0.621312554559042
0.516817487042317
0.51565950859135
0.960059655536485
1.37124963217037
1.12071539747452
0.516427321428065
0.519566829656146
0.508302682200464
0.504758092736447
0.726918217899742
0.555108324017908
0.597495572513826
0.587345783566173
0.675027390808749
0.73855510315501
2.26435212828034
0.529490468460082
0.621404563216461
0.88264444618906
0.795657130949201
0.657484742156775
3.53806560409884
0.508404211939733
0.59888942352527
0.617772928882348
0.705388746327208
0.748465753145036
0.526787003308556
0.501632116736349
0.515121342468284
0.975153227767517
0.537311680995593
0.521650593819165
0.529864059425744
0.527288524275518
0.57020659367261
0.553989920731416
0.517874766804608
0.517874766804608
0.591681649730964
1.58862571952368
0.542900166828685
1.32220414489166
0.520320858672865
0.623064593815117
0.565687295243289
0.583266142440265
0.626819328620624
0.608988521002933
0.597497324189087
0.915540810638863
0.556746896242217
0.642317144366217
0.894257454310443
0.694038554162991
0.933996121118006
4.0955932710034
2.43287280884177
0.548683020384762
0.528064666691021
0.511258337434765
0.753386626050676
1.67408791237887
1.54595495627364
1.44544143911908
0.54722513806055
0.768519335111174
0.764984909092695
0.591015446431747
0.568171475028661
0.550913359452596
0.506922296303936
0.6907430988784
0.765062893822731
0.556589011105984
0.850933931539495
0.650938040869757
0.512064511390359
0.590667660685145
0.623168734943194
0.595620244348536
0.570931678686752
0.545029282117775
0.548357221414055
0.972677028765808
1.42030522914944
0.579124332908559
0.664100029017928
1.03390881134427
0.59192315338572
0.535925175420997
0.555099864272142
0.682082737432084
2.04848832891572
1.36887995033077
0.533452680810085
0.674693591640899
0.823656519655101
0.508597122263397
0.510797432742325
0.798989039113696
0.769805625731731
1.79993762227312
1.00647545107229
0.975938837838506
0.647027053245441
0.546465977723887
0.505423662258093
0.503894555883266
0.549467193713434
2.73677693570337
2.79020441753683
0.584048214848867
1.09984531609983
0.52056603059238
0.536571781940691
2.50167284452867
0.745896983378529
0.544467993546632
1.11596686397844
1.95465690891549
0.647557424790451
0.633756490364977
0.606704806131298
0.539380835257946
0.991564100882199
0.614779471505908
0.599488445089866
1.21621901868251
0.5107597333293
0.507157631540831
0.670402714326531
0.516541712027162
0.586889011706487
1.34841031271651
1.34841031271651
1.05980129187323
0.553153434818781
1.00465231703053
0.531401737508132
0.513248844664136
2.68239655221231
0.956528793222127
0.505061403175989
0.719597209545995
1.07089121421042
0.575325033688192
0.539081286214194
1.16909178211851
0.575291657133399
0.551012858112565
0.952319830546914
1.99615281080138
3.30717825309427
0.608753519693573
0.73094366646743
0.605732397872678
0.602817226585037
0.602817226585037
1.28976224821717
1.08289526516362
0.50421827307874
0.557466333824436
0.565496944371913
0.58848941858453
0.587687948673155
0.949464685342071
1.46476134775793
0.587615645158409
0.602875428665014
2.02004909605411
0.813356204536359
0.602745229375029
0.552383851328157
0.617299260558425
1.12115802129046
0.535180905970084
0.500931469012281
0.596697747433278
1.62373562208031
0.750070578528454
0.698386552631672
0.587779865455606
1.8675005626011
1.16838981474044
0.573468276291619
0.699635555699722
0.676981642295451
0.672879654450174
0.725912527163384
0.748997089257277
0.835718961233219
0.692224460514117
0.717739883892462
1.20844542263092
1.17876447913524
1.40238644809725
1.1060717863035
0.545535232268624
0.549273678232861
0.510181246859391
0.581916916257304
0.594869543109662
0.717820515317783
0.761854273098163
0.638596173819156
0.546233431298797
0.612432460044335
0.627358596098432
1.1078556519269
0.530567260069464
0.83435220213395
0.81769281337923
0.580214773049822
0.570504429749797
0.626755499487532
0.930060338502593
0.662987225588888
2.1634588839063
1.45897958905404
1.02189668316476
0.619104954249056
0.549865817166657
0.845996947941905
0.800288440195661
0.671065458178591
0.95299620870639
1.11463644303095
0.502910927474139
0.512000102251063
0.52141978927457
1.04826329099763
0.939142320293801
0.659535430424154
0.61180802033458
0.9458628247071
1.06725868141498
0.72667665254636
1.05292317602762
1.05292317602762
0.945725628874556
0.521946905944481
0.51071765669629
1.4676809210187
1.21619737475786
1.08246518303832
0.841214703213442
0.502975155004992
0.607153091178368
0.993658363545704
0.659416855866123
0.714993540344461
1.16757541306978
0.631156110088898
0.563625042159057
0.53177292604843
0.531872880455497
0.792147012915775
0.548504615457431
0.587210668864457
0.538664628907091
0.579668657037035
1.20710117147633
1.21943693193689
1.59803682091737
1.4094115988602
0.733423053815213
0.629942543573491
0.681661271953122
2.60444583397439
0.974339290270214
0.579542607744952
0.56433822420421
0.57004261785937
0.524246329548719
0.747793444801582
0.817190508052937
1.51324458167485
0.782529950812984
0.559487967708005
0.572210101051831
0.600292657927297
0.513705732320892
0.646499672867419
0.563276809934224
0.703077156044149
0.560527230996275
0.985392009647302
1.26544798138835
1.6025193361802
1.01580798629443
0.566698914056549
0.973583538474043
1.91735898361722
0.628102714890562
1.45498281768115
0.517662159824657
0.588692017411654
0.606110824964651
0.515824068887788
1.48966391059531
1.06477404138648
0.575295053452499
0.548913912717752
0.74195237448268
0.988523971637352
3.40106890733602
0.688649982194724
0.657444447005007
0.564945277218163
0.818366258136274
0.804137070964623
0.781283615321757
0.666003547441195
0.719958608994228
0.54255156876579
0.702549760133249
1.23054018862679
2.16962477861944
0.606400859151757
0.851468875602906
1.43449537661044
0.785638092170212
0.633549909246177
0.670139822466797
0.755664356532266
0.527134187282717
0.691388220789467
0.543905364874956
0.739582777260796
0.530477928362665
0.565134225692494
0.802124534067687
0.565483090788693
0.527455118777286
0.748283565217472
0.512744126973768
0.706806137599899
1.11560286452624
0.509018110928501
0.727272945489303
0.586582600190881
0.789950389596053
0.551814151065264
0.714825229888607
0.704340660250934
1.11762432211327
2.23251631183629
0.529275582946785
0.663517897534133
0.83440737657125
0.576540492259525
0.5850447490055
0.632696621120283
0.563416669606994
1.02343365896459
3.36781207091635
0.712000891104566
0.555859464881279
0.547101168176238
1.63781960903455
0.921986989723495
1.39113726987146
0.757498750531866
1.35656154767945
0.988577773948336
0.785583867063801
0.603295322496457
0.761893020437524
0.534799714661744
0.925319975178301
0.651148792447257
0.69412333150756
0.515582979017308
0.511858274108078
0.622191417342185
0.782158070087942
0.954567141411057
1.94814440703897
1.21846382149093
0.685806700085021
0.7838216843767
0.553920319674867
0.579686204507952
1.68602701419808
0.580099475596353
0.98202584782607
0.694160492045452
0.584275750677313
0.717652556908413
2.51176043948045
0.660870962730554
0.706193883798611
0.653389445580851
0.502028762095199
0.747809963478482
0.537714387627955
0.589283044579976
0.821684629002894
0.517773657145497
0.536025587200097
0.661027712485796
0.625939330132408
0.855023723989381
0.626379858980377
1.6979674248452
1.48947908473481
0.578915285391242
0.592266466412698
0.889503074805218
0.602603396678238
0.503177814427201
0.520749214225023
0.506787950977676
0.519922909504517
1.14098481008332
1.16140075015828
0.849616656006189
0.890656998246673
0.597441135809115
1.21980969990638
0.698181133825983
0.553485748661281
0.508253047693915
0.728550200015207
0.710275215231616
1.01629861045801
0.56881874435708
0.649862505021454
0.618463424165617
0.506638704321807
0.50011159531476
0.658653098995202
0.587340689243078
0.740932513447113
0.69442557126349
0.928625021493542
0.652857021109562
1.48399582276157
1.3011207567484
0.5580928548456
0.838994407698934
0.529915710896864
0.87901942009263
0.799616052554967
0.909026166295834
0.625622097414267
1.05787391713343
0.577789772821081
0.624410947511524
0.511539388318307
0.54579974989758
0.767609083192583
1.2693463487403
0.743538430504383
0.840914224528475
0.529514769793024
0.55094721802611
0.590198970664453
1.31010157760433
1.22806489337761
0.535731658270056
0.723077677759753
2.32889987553811
0.598519756853206
0.774954230841943
0.801676976782106
0.510819591901724
0.861003104736901
0.520063362761924
1.48659816793702
0.547009279723855
0.592453824270054
1.30460168866476
0.783366342551292
0.517913510091346
1.60888767097231
1.89247462671641
0.579094894902659
0.725738787033987
0.62764320655258
0.801394020382735
0.604705185497591
2.10759246274713
0.711452984802557
1.06869541077366
0.503466819415523
0.718447353176515
0.594964395274882
0.515604676507241
0.520858931531648
0.937674298920778
0.641388510403575
0.526009266773268
0.656595824062043
0.935563194698708
1.31964213516229
0.511313675287771
0.526816988999696
0.52301673430693
0.515018828390203
0.614933067546155
0.554078149765967
0.784511189441481
0.878888616702702
0.506877101699829
0.858144580351434
1.51186655151627
1.27606903228872
0.540756314114388
0.884866112384254
1.06482374168394
0.775469865093851
0.814869952883566
0.596878865507936
0.911893936223417
1.16715703989827
2.9350671899047
0.515771415364199
0.935369627687645
0.770708011272523
1.36451083077561
0.673521397461637
0.622300426818924
3.48513471575295
0.99098688534853
1.93464645387469
0.523868136041005
0.528710259629699
0.867121610327313
2.04472348739539
0.813122712954076
0.800967060214086
0.590721007190673
1.0303740319477
0.664349862891256
0.848178736744411
1.39925158683415
1.06549710161615
1.65292520580958
0.734302872272359
0.817443588554828
1.05707381585446
1.28986684960397
0.579958462888485
0.579958462888485
0.683701157302918
0.66710001694472
0.853085199440192
0.705372138874117
0.708091752067508
0.506360604234634
0.748334045323575
0.982791405811451
1.6196168687839
0.526630603728803
1.02842876985342
0.569858544667783
0.719133723965292
0.59964557718994
0.814379386662456
1.60556282841432
0.519232818529604
0.701337469597816
0.706115674513491
0.549709403329473
0.714499449243344
0.828230532906151
0.506227173824039
0.566425997535837
1.40312004232907
1.03383313018585
0.588407637821598
0.56034664960937
0.623880423785073
0.695235707698716
0.804865662675014
1.07456742782405
0.5695281532221
0.678551693067369
0.792515755899946
0.731914685135648
1.80479039970188
0.609065017760649
1.15313302893168
1.37586323238286
0.933692808388894
0.842056666110079
0.702654007752246
1.20486688516677
0.556404466928178
0.617991047917668
1.01507610982051
0.542584285079471
0.505532382629669
1.07633275098723
0.832336463510853
1.10686514179288
0.5620075328178
0.725027595429668
0.683923904428793
0.70832293719522
0.713036780756022
0.713036780756022
0.629811921469173
1.24821642769822
1.21460091423028
0.644162105040072
0.638714377031828
0.798946085946892
0.621699458689491
0.670255805447923
0.591483759963086
1.21271334000114
1.19805683639793
0.598389145999531
0.844400138546198
0.542030938630358
0.546592264017297
3.10877021502019
0.523226079471131
0.529591245250612
0.691217368978759
0.711320297608498
0.674803984525797
0.577364153638303
0.554087361095305
1.15767051003816
0.818518917054247
0.581794857508251
0.921168349176556
0.559457260596707
0.532235292012965
0.914024127211185
2.98246200469087
0.878046655467435
0.636693815454335
0.738791972462623
1.8678222043429
0.985515691734844
0.586348628878778
0.549091239406374
1.24601371200592
0.638368271663431
2.66801324910861
0.827724919267154
0.607637826717927
2.94938927256057
0.525079472733279
0.520548474726884
0.561219737627901
0.594824363686384
0.742285732318591
1.07790228490577
1.09045886026853
0.9252037343597
1.36118277929323
0.634832344999466
0.897519138288703
0.506026528535406
0.599387191021222
0.580973075098417
0.580973075098417
0.519545948902549
0.639581741051402
0.52487478078613
1.3131236524578
1.26250637314576
0.625056120325215
0.563184886947439
1.15147703801129
0.913270601735226
0.694308882178826
0.728129666061171
0.617774235509644
0.869325013342824
0.598038061670168
0.534401093421923
0.526846497958961
0.595296377950628
4.06036882059619
0.81646430934998
0.588039968733089
1.09564522431732
1.1322882578383
1.10110288206514
0.845592083369679
0.54732410126913
0.649276200111924
0.767412601951333
1.00860660951506
0.898671210540847
0.680704383610974
0.998400378468484
0.980462078008086
0.528441105619524
0.597659934874488
0.512364598557233
0.518032653673078
0.565708309956008
0.564364854233613
2.31521349579262
0.991056634997729
0.507187102814132
0.973598979679689
0.765561186743196
1.89853979485407
4.84846960565111
0.50019933269295
0.503995656016376
0.784090989719659
0.579961332030507
1.33406443448367
0.730866599878581
1.2362489291248
0.865174070052918
1.7568452393498
0.617331597951505
0.54496519486024
0.80897263803359
0.598082578459316
0.985764477559627
0.655419747389868
0.606310508873501
0.523401959352744
0.542824663233487
0.637956638071053
1.27551273365177
1.44627451814575
0.832711312273584
0.798443445443411
0.539325296274484
0.690881604617867
0.510422464474728
0.57967047143301
0.809392185686518
0.635372970928689
0.958977521635538
0.549692465432669
0.524845908055302
0.516953768949776
0.530033910321948
0.816821650188632
0.707666365487733
1.13999890417462
0.520714432833646
0.707090696733506
0.515705170891687
0.509289206640625
1.64861772887455
1.64861772887455
1.62562340575212
0.897101442027229
0.623266945568702
0.652319911686027
1.07573242819763
1.75635901963423
1.45259223760901
0.553812953392458
0.527716460997792
1.13325018286758
1.86334594361353
0.988378498449375
0.589213356677203
0.55826964887649
0.58242701594831
0.769144511435721
0.631463686677748
0.521188366107294
0.792301109791278
1.14561993435949
0.519317015239891
0.858600681906132
0.502919421232693
0.624915841283865
0.820496078884786
0.511183937663282
0.559582074317529
2.79099310618412
0.864566659766709
0.572658964343917
0.531284152801156
1.06949797591906
0.541645986724911
1.1984115514955
0.558060356989966
0.943288119195549
0.921988002084901
0.524533576976017
0.752777223168072
0.536426612286554
0.535679233344527
0.51687739563519
0.510764621262826
0.623679666623077
0.546453965599411
0.612349520871146
0.592127543811113
1.39795167830592
0.699434743155774
0.610728031429767
0.983125602168026
0.698352887051652
0.803805853221108
1.36292432158719
0.677179801886385
0.58006652461656
0.699682069529474
1.60884229775411
0.900279793957583
0.546083180872746
0.71812605672421
0.695785573562862
0.585447267299646
0.66367113356042
3.14194759595165
0.84336035692031
1.00299055692385
0.798213123972583
2.05280135836092
0.611336973165739
0.552481311957274
0.772188599648661
0.656533328209993
0.563260648816378
0.522310959708526
0.572040478819793
0.529671791542423
0.75174631611762
0.53477456091029
0.521812712710404
0.914132624698428
2.39418936954193
0.576163812933023
0.578589926395403
1.85433565877707
0.785133033269965
0.627938616409274
1.23091774217947
0.746302156791558
0.528061361594192
0.565254794177829
0.518476085917536
0.663984657947846
0.569648073333706
1.34339076955177
0.889296336922194
0.770709287898017
0.615413001837565
0.516540388529667
0.593970060617094
0.659025325815968
0.54622635744374
0.679934083589698
0.593979872740433
0.669556883108859
0.695519082946765
0.588154981799248
0.784577765087221
0.651895892991171
0.502765588176851
0.537625240714795
0.639913896660976
0.507961892687473
0.50101131511753
0.551196815457911
0.519414456075463
0.51931650243176
0.511586286905381
0.634552481344882
0.615641816063309
0.80362372758515
0.516624868813126
0.530014105360333
0.562223202304009
0.583316470222658
0.608610440342419
0.570454509628275
0.769129065179732
0.572201648600243
0.555935978121197
0.50194091047862
0.500664544574713
0.500706555640192
0.504084968042767
0.597932312390314
0.705340909677848
0.601326626495531
0.688777000734956
0.679322813798406
1.50998010952133
0.727315327920179
0.79820519406639
0.54315592317455
1.82173787754221
1.0088336025374
1.61637136627413
0.564422256111446
0.673109673803659
1.2093790496791
1.00412741262864
1.13889113217004
0.550418550992459
0.564851682555581
0.931214174609534
0.722906192944512
1.06839099566956
1.62744555122642
0.769578970512659
0.705877060220893
0.642500053377668
2.37537575115548
0.675893380295173
0.556172257367855
1.33693085169938
0.500251770552283
0.500172243065602
0.513866842971953
0.523369777611929
0.517698811259401
0.82548156809961
0.650748709849949
0.604421526335894
0.539953122559051
0.666961999265943
0.600843194946177
0.749093688958699
0.530180414158805
0.559155485058267
0.810094512072381
0.509412641873113
0.509360314441727
0.835899918586262
0.513589802398097
0.954299366043175
0.564899314109089
0.546531260639484
0.51612927338127
0.676280624524403
0.954113227056702
0.535330275229457
1.03036794620129
0.834779819256493
1.61687069866846
0.542827444800268
0.672238629875151
0.899165751744929
0.566719034960389
0.596062536257692
0.788548960222659
0.534175215912232
0.642990166589921
0.597262542164123
0.737730299341969
1.27327146274077
1.67566430613204
0.581397555963749
1.32240289717706
0.950592100350857
1.31213357689403
0.552237748987323
0.507543573031804
0.692002225433013
0.590615701708073
0.652377678735881
1.14526408555608
0.507412141798185
0.516818551578263
0.531635978764468
0.7092237572352
1.01036921753614
0.566634632634221
0.679486241993606
0.655942588766231
0.547479164748749
0.733863392183889
0.842058940892578
0.586744493459051
0.589136639525471
0.658610341970867
3.04856419776039
1.8273150379751
4.05138728306693
0.980428183643897
1.09982748950802
1.4122008519175
0.854004986275421
0.854004986275421
0.775845562581199
0.524859894312737
1.1184201867839
1.32507919853217
0.634256537228199
0.976039136655598
0.672181384674394
0.809392754358019
0.520987384661776
0.595862696287935
0.652266541098057
0.561657428825989
1.81295661753414
0.605369519128692
0.895726343682997
1.33336014425851
0.578500029621487
0.704762401428444
0.72099573789703
0.609420968134223
0.506256631274104
0.565395952567027
0.623431266317238
0.764757350958833
0.566219090454981
1.23720928041182
3.12339342619804
1.21557641736983
0.697951015915238
0.850989425678979
0.627633119574476
1.34344164870519
1.17390428091649
0.564333675293401
0.645087489480296
0.609039231614337
0.647937099772748
0.538678112869346
0.912565015120858
1.11764238621947
1.00211535161484
0.510075136331645
0.56480461531021
0.685011027311371
0.609173272712771
0.966902676088166
1.13964763404536
1.22699039744926
0.500656231700664
0.505654679459965
0.521205062664207
0.746289886582225
0.675973994216744
1.44967450679709
1.43361486914039
0.583547579987336
0.588101996207651
1.42855364335158
0.823549212021873
0.608391680489831
0.753191206099429
0.720749596716772
0.802142411271485
0.674370785012109
1.26275827963635
0.922020540035842
0.642035228535933
0.724443175523199
1.15807063258756
1.44769688592242
0.693510224148632
1.06834963079703
0.798101950381907
0.867328131073383
0.917267347792757
0.527347793366556
0.523768471540261
0.643980518430446
0.632731114473875
0.865688329783989
1.05208800675926
2.93459004169247
0.508683761981401
0.525903326200269
2.46077483240717
0.58180008687279
0.535792821698295
0.674176433227309
0.724757785491338
0.508848065918209
1.0390767413459
0.915560949997411
0.788516806166799
0.598074578806222
0.601034685285727
0.683767994487546
2.06889418890394
2.64014454100291
0.534657901305548
0.543035079922721
0.970243376643454
2.04237697795593
0.769605896068042
0.562233813269945
0.854530446044183
0.545715091987981
0.7969620922031
0.730855907984251
2.20846141220896
0.56290090409991
0.623876048409043
0.558457902718384
0.671724594858513
0.579385506316466
0.949954601580733
0.76474528543196
0.94499816258538
0.849598610208302
1.17722901562273
0.530577443818584
0.599097391261546
0.828272849718044
0.569213534278268
0.753045009161186
0.923786055750617
0.649313616858536
0.939241450217748
0.500742132312289
0.608459554966311
1.10473294190161
0.903238239204231
0.702687955376329
0.685290534522168
0.529048087721627
0.536383130510247
1.43406487525828
0.570250725877416
0.982488933046481
0.522820160546777
0.624217422477552
1.00941344978207
1.00941344978207
0.848403569322646
0.539414375656682
0.671375315208523
0.623840078495618
2.85530612227694
1.09358119692035
0.803822148817229
0.641374051503656
0.763058260057446
0.62365816720884
0.580471092044505
0.501396372493234
0.512908878602696
0.590071905839549
0.537853779574596
0.503127479273528
0.577541573700068
0.791263355752902
0.549222067991541
0.59484608028864
0.572313567856055
0.616867827593791
0.829774370888829
1.53473130174912
0.907960392545182
0.771698741362702
0.677576381991144
1.51966242604374
0.613575662234083
0.538608492487632
1.16702551924825
0.634260232348638
0.530811244148762
0.531029900553239
0.601010060873926
1.30613490630737
0.577008790771834
0.544904859539152
0.847231905632063
1.03831425336901
1.93681737016854
0.589808435802236
0.537186745903582
0.651971189032883
0.677298900004239
0.560983105586587
0.65253294777267
0.805751165157959
0.923250396973016
0.583234774787364
0.714857478474262
0.531445043882934
0.580655591491573
2.89167743401603
0.505670014446815
0.69473841269678
0.711434829977019
0.512131633320372
1.08018678625284
4.26789238548775
3.37716391940209
0.551700275367557
0.57290212159747
0.500630300088545
0.546438090412767
0.571124928211295
0.690793271718862
0.924868540843185
0.822560544535549
1.06321561377469
0.541483330258239
0.57669396609072
0.825017302976953
0.735594008313439
0.677512122228209
0.705373557296289
0.700198396178926
1.04801555515541
0.533357359181597
0.530732235108229
0.613861579100756
0.525681987586508
2.13430142865899
0.509739034279606
0.524821548793726
0.53184636683376
0.776538044145184
0.565164271668349
0.779856953541983
0.607128492836793
0.605014941529911
0.639723547239327
0.519805995331818
0.573931745261608
0.540733681622272
1.22819741437771
0.539839237596905
0.602307508341255
1.1213492598932
2.48392202702718
1.04644216151995
0.635367413351995
0.594276767948949
1.17835287762892
2.42922214717974
1.64740954610482
0.902167811699539
0.573645039747782
1.55009218710264
0.555399784197678
0.644859935784749
0.945461073009418
0.577666273044877
0.500516947436193
0.584203305697656
0.685019720380701
1.15959315757898
0.972039913089165
0.620089642692547
5.02355334686551
0.94685332035002
0.521548862902882
0.547264752394876
0.582405736575026
0.50454891429623
0.511932666746003
0.76498391328054
0.581612307256637
0.846686240770079
0.590270466536002
1.24022473791648
0.506617803554807
0.602095521927845
0.602095521927845
2.27824607373416
0.961773904587086
0.672752025544694
0.53666179135027
0.523054859858979
0.59733961725474
0.561911481140339
0.510045902024029
0.63545905030785
0.874690270214678
0.579394217036773
0.787836894927753
0.79876879938146
0.691284570771505
0.908046586061313
0.934422596975629
0.889728982002262
0.564054100253933
0.65511078188656
0.57713331731778
0.881768421655531
0.626956114890599
0.522652877025898
0.54433498126996
1.28369950190197
0.721101247914897
1.76561525494643
0.644908797159544
0.570597865831541
0.644275919080274
1.41138313655065
0.623837125970392
2.02909828991946
0.721223414750282
0.564377043647725
0.808047400157034
1.16185389153067
0.581750662923335
0.556001997442532
0.664000089673826
0.849774564941077
0.639516900268223
0.908463743252617
0.813467794250779
0.551649374290378
0.529354496337644
0.663540340981372
1.36141478331603
0.515134504973773
0.893120183831396
0.973753241107129
1.14113971548287
0.903351809500442
0.583412080893436
0.657357033932167
0.661812200294889
0.616191635541915
1.24682066502642
0.770512725167237
0.537574506335592
1.72430048159387
0.629863051071812
0.540946991465096
0.554371495486895
0.525484567426987
0.705986477633384
0.533224521447232
0.595608973684467
0.637597152831173
0.598322360330715
0.523245488934026
0.84328725490379
1.05920549263954
0.677121966398301
0.891284161542576
1.38313237311532
0.968534895102346
2.35316931269419
0.783966055748169
0.830415796500579
0.693385813849073
0.719824775012154
0.727548606379497
1.37647980913034
1.31099452505231
0.966554002549575
0.700229625209647
0.666690604568712
1.24536964784811
1.25454741460174
1.09648895689378
0.926044975079774
0.682961172142781
0.543202327869747
0.931671243126341
0.931671243126341
0.518513718592226
0.570229287709048
1.61030138429719
1.04092925321131
0.898370014800846
0.510268017050595
0.51501703963115
1.20842911543303
0.591661648128408
0.795795847634098
0.998979129010598
0.835289887266387
0.590985669204869
0.692836522404001
0.504446947341141
0.721496792155093
1.05755956917678
1.07666539828476
4.09859400975977
0.949092202994209
0.569838866191258
0.66208481453843
0.507252370440881
0.505290302913361
1.69347138696952
0.629361238433476
1.41569804551196
0.922406062445112
1.06880691389248
1.2747148265007
0.839492911374984
1.68568762240183
0.627175690339808
1.13935306628156
0.54969205165355
0.514770190707742
0.524461854613229
0.512274478008713
1.28536105058784
0.533034492949548
0.698265880466305
0.811858644411829
0.542438181307937
0.526621676071944
0.618063783919874
0.558068895329952
0.592878268847563
0.536443986815602
0.980244922655851
1.02783573113392
0.612570367127968
0.587946487536844
0.579712695382773
0.53402636185798
1.88659527481952
3.98833445869667
0.860935222203808
0.625425231609693
0.51508264399725
0.52645804687622
1.17456952611118
0.535809193631815
0.5657701762288
1.00753969293384
0.541147673594015
0.618893788541688
0.679513324060472
1.4419889080797
0.564356454327553
0.795404745935531
2.15450109346893
0.538841152293101
0.528024927731562
1.10100693971387
0.546310902875129
0.755704246247832
0.506522887258113
0.848520114210455
0.800529484032569
1.24235384274216
1.85255455161136
0.742561537871611
0.51606024153424
0.522814475806052
0.864808351885967
1.8407466820127
0.705185218490018
0.558191666715277
0.514826169242866
0.908682532460222
0.633869277342479
0.580931283079554
0.549190257551997
0.812665213462236
1.32711971015839
0.605989967441209
0.573315423028764
0.600383808973103
1.43406656799705
0.867381201765968
1.52498688514331
0.941829704252676
0.558743664337714
0.707104766074799
0.946784685514554
0.723156071517156
0.977119355345179
0.50219362877158
0.509261858069919
0.500701644622132
0.544107100903706
0.803536886912871
0.716184013038727
1.52006134520303
0.652760889592414
0.801823714611585
0.753367658977975
0.537436590895879
1.50652750702913
0.514207914941208
0.565224270356817
0.857943994688878
0.738006791251886
0.623749239974281
0.602563705196306
1.13639901198504
0.993338563098325
0.564838053849786
0.6148214801215
1.1509735245141
0.722419735397769
0.521721499565243
0.683313971811877
1.17629972915919
0.821340414294357
0.54445523233793
0.721707580660184
1.59253147434901
0.99878274908095
0.71246450422883
0.604758297442169
0.512028607683889
1.17427757956195
0.581169821566976
0.523015589862951
0.837853557962154
1.3624951380221
0.561548347944795
0.897672459736645
0.842160287360772
1.64119418269597
0.723136394672733
0.573426162395656
0.752659285330369
0.613164713661096
1.00723265015647
0.569002233212477
1.0699447651421
0.533287518555706
0.52030338079104
0.681141509091145
0.960717791814969
1.04446993136039
0.579078166509824
0.699239777919305
1.21527594138858
1.51065829907322
0.756960445488444
1.61078254247429
0.602962522581018
1.89397277034072
1.21787988101083
2.10449360762736
1.96913214180154
0.61085831447732
