4.9784595188181 -0.49418706271672
4.97970488038848 -0.49418706271672
4.978493514044 -0.495293862798551
4.98853307569108 -0.489296997618178
4.99057076755025 -0.489296997618178
4.99057076755025 -0.489296997618178
4.99057076755025 -0.489296997618178
4.98148767271849 -0.489296997618178
4.98005183680778 -0.491189746964697
4.97729366148175 -0.491189746964697
4.97729366148175 -0.489820800656771
4.97729366148175 -0.489763857633208
4.97729366148175 -0.489763857633208
4.98196451657519 -0.489763857633208
4.98666518951786 -0.489763857633208
4.98746567212298 -0.4868498459931
4.98357678296516 -0.4868498459931
4.98437454994771 -0.490493281317814
4.9851482501991 -0.490091371866374
4.98765333328115 -0.487264913267166
4.98840190731128 -0.48249384411545
4.98386579405244 -0.48249384411545
4.99279015718903 -0.481030982484132
4.99279015718903 -0.481030982484132
4.99279015718903 -0.484265480002089
4.98735113733869 -0.484265480002089
4.98733207337032 -0.484265480002089
4.99080131174486 -0.481487716304157
4.99080131174486 -0.481487716304157
4.99080131174486 -0.481487716304157
4.99080131174486 -0.481487716304157
4.99080131174486 -0.483197978443969
4.99074236504282 -0.482213071045524
4.99074236504282 -0.48100050572341
4.99074236504282 -0.482391191015227
4.99301265251078 -0.477269279141352
4.98795701934508 -0.477269279141352
4.98795701934508 -0.477269279141352
4.98795701934508 -0.478641000823386
4.98441437549725 -0.478641000823386
4.98441437549725 -0.478641000823386
4.98392645816967 -0.481024345482635
4.99007858152539 -0.479312113598578
4.9837799754048 -0.485147315767469
4.98107561731086 -0.485147315767469
4.98107561731086 -0.485147315767469
4.98107561731086 -0.485147315767469
4.98107561731086 -0.479217339956492
4.98553078265228 -0.479217339956492
4.98674536756058 -0.480250898342342
4.97798327455514 -0.480250898342342
4.97798327455514 -0.480250898342342
4.97798327455514 -0.480250898342342
4.9856897866108 -0.480250898342342
4.98731379317378 -0.480250898342342
4.98553743368131 -0.480250898342342
4.98553743368131 -0.480250898342342
4.97777973800933 -0.479895375790923
4.97777973800933 -0.481052022571738
4.97777973800933 -0.476843315211106
4.97777973800933 -0.476843315211106
4.97777973800933 -0.476843315211106
4.97777973800933 -0.476843315211106
4.97310831990286 -0.476843315211106
4.97965704013925 -0.477309077774943
4.97965704013925 -0.477309077774943
4.97965704013925 -0.477309077774943
4.97721312958982 -0.477309077774943
4.97721312958982 -0.477309077774943
4.97721312958982 -0.475729292953305
4.97721312958982 -0.475729292953305
4.97721312958982 -0.475712087854166
4.97721312958982 -0.474911754995852
4.98436622816118 -0.474911754995852
4.98436622816118 -0.471754507162071
4.9841326172846 -0.472344587936917
4.9841326172846 -0.476254625069658
4.9841326172846 -0.476847392615646
4.9841326172846 -0.476847392615646
4.9841326172846 -0.476847392615646
4.9841326172846 -0.480211813093579
4.99108180775877 -0.478490643397527
4.99108180775877 -0.478490643397527
4.99412761345689 -0.478490643397527
4.99412761345689 -0.482861371747715
4.99511334086365 -0.482861371747715
4.99511334086365 -0.48469243517705
4.995674370383 -0.48469243517705
4.98943787353994 -0.488328452619914
4.98943787353994 -0.489045112289824
4.99142290565379 -0.486901638502941
4.99142290565379 -0.486901638502941
4.99142290565379 -0.486901638502941
4.99142290565379 -0.489903862234625
4.99673268416552 -0.486670101050227
4.99673268416552 -0.489679627487422
5.00073544741163 -0.489679627487422
5.00073544741163 -0.48891722399708
5.00073544741163 -0.490446127627633
5.00073544741163 -0.490446127627633
5.00073544741163 -0.490446127627633
5.00146573340602 -0.48733606458567
5.00037440519986 -0.48733606458567
5.000274350786 -0.48733606458567
5.000274350786 -0.48733606458567
5.00202207740576 -0.48733606458567
5.00142858866283 -0.489702218169137
5.00142858866283 -0.489702218169137
5.0069483901684 -0.489702218169137
5.0069483901684 -0.489702218169137
5.00350846395523 -0.489702218169137
5.00802762516376 -0.496389353415361
5.00962595174792 -0.495383578509519
5.00962595174792 -0.495383578509519
5.00962595174792 -0.495383578509519
5.00962595174792 -0.49585759023513
5.00906623729096 -0.501437503435049
5.00785778851438 -0.501437503435049
5.00594708389405 -0.500132166905559
5.00594708389405 -0.500514599011913
5.00594708389405 -0.500514599011913
5.00594708389405 -0.500514599011913
5.00875295004761 -0.500833071500707
5.01081863019704 -0.500833071500707
5.0098117236363 -0.500833071500707
5.0098117236363 -0.500833071500707
5.0098117236363 -0.500833071500707
5.0098117236363 -0.500833071500707
5.00639235143286 -0.500833071500707
5.00170711243477 -0.50214717480146
5.00170711243477 -0.50214717480146
5.00170711243477 -0.50214717480146
4.99837622381093 -0.50214717480146
5.00170574714945 -0.50214717480146
5.00896622066333 -0.50387330614941
5.00896622066333 -0.505807632228003
5.00896622066333 -0.496081789412916
5.00896622066333 -0.496081789412916
5.01964010894511 -0.495842941345227
5.01622858990787 -0.493602927495791
5.01052191150236 -0.493602927495791
5.01169656895899 -0.493602927495791
5.01169656895899 -0.493602927495791
5.0095260576399 -0.495856229115349
5.00984160329687 -0.492381653133939
5.01554651827721 -0.492381653133939
5.01554651827721 -0.493891515936455
5.01554651827721 -0.493891515936455
5.01142517860496 -0.493891515936455
5.01177918527187 -0.493891515936455
5.01692993136357 -0.493891515936455
5.01692993136357 -0.493891515936455
5.01677758705143 -0.491900517986153
5.01677758705143 -0.491900517986153
5.01570829763676 -0.491900517986153
5.01551926905371 -0.491900517986153
5.01551926905371 -0.491900517986153
5.01551926905371 -0.491900517986153
5.02046605254115 -0.491900517986153
5.02046605254115 -0.491900517986153
5.02046605254115 -0.489724986506303
5.02046605254115 -0.488505530748953
5.02046605254115 -0.488505530748953
5.02046605254115 -0.488505530748953
5.02046605254115 -0.490050299460628
5.02007847538757 -0.490050299460628
5.01477995208848 -0.489512469590366
5.01494165548244 -0.489512469590366
5.01390516570533 -0.489512469590366
5.01390516570533 -0.490786106776294
5.01658431218495 -0.489427501652648
5.01728592328197 -0.487729805202388
5.01794995961615 -0.48834339842691
5.01794995961615 -0.48834339842691
5.01794995961615 -0.490881148421519
5.01794995961615 -0.490881148421519
5.01529665273419 -0.490881148421519
5.01784086878862 -0.488594489811286
5.01966093414668 -0.488594489811286
5.01799898624048 -0.486131207450361
5.01799898624048 -0.485622652228083
5.01799898624048 -0.485622652228083
5.01799898624048 -0.49019616550416
5.02655195904658 -0.49019616550416
5.01921695824352 -0.49019616550416
5.01921695824352 -0.49019616550416
5.02073593645108 -0.49019616550416
5.02073593645108 -0.49019616550416
5.02073593645108 -0.489406852926638
5.0298530897088 -0.489406852926638
5.02579264696406 -0.489406852926638
5.02222685286991 -0.495666936228961
5.02222685286991 -0.498653385831425
5.02222685286991 -0.498653385831425
5.02222685286991 -0.498653385831425
5.02222685286991 -0.494928755497471
5.02222685286991 -0.494928755497471
5.02222685286991 -0.489655351652148
5.02222685286991 -0.489655351652148
5.01979532545402 -0.490689397505389
5.02417533465159 -0.490689397505389
5.02109016261969 -0.492186759074767
5.02109016261969 -0.493902403390831
5.01998948245058 -0.493902403390831
5.01998948245058 -0.493902403390831
5.01998948245058 -0.493902403390831
5.01998948245058 -0.492207211402148
5.01357583520526 -0.495978775000723
5.01357583520526 -0.495978775000723
5.01989944213163 -0.492010299059968
5.01989944213163 -0.492010299059968
5.01989944213163 -0.492010299059968
5.01989944213163 -0.492015849628435
5.01989944213163 -0.491318281024083
5.01429456040694 -0.48995813467254
5.01429456040694 -0.48995813467254
5.01429456040694 -0.48995813467254
5.01429456040694 -0.486280791958754
5.02305903411545 -0.486280791958754
5.02305903411545 -0.486280791958754
5.02308079796119 -0.483829412893785
5.02308079796119 -0.486805785356646
5.02308079796119 -0.486805785356646
5.02308079796119 -0.483994099910508
5.02243866687407 -0.484040940712817
5.02180297285348 -0.483177617120508
5.02244480512724 -0.48440554902399
5.01543284999806 -0.48440554902399
5.01263639245411 -0.48440554902399
5.01462470016891 -0.484130321680532
5.01462470016891 -0.487368914145432
5.01462470016891 -0.490529926807397
5.01462470016891 -0.494277517327531
5.00863083338682 -0.494277517327531
5.00813038386023 -0.502872121533327
5.00813038386023 -0.502872121533327
5.00813038386023 -0.502872121533327
5.00813038386023 -0.502847261119611
5.00813038386023 -0.500656888603731
5.00813038386023 -0.500656888603731
5.01034799850062 -0.503447025806689
5.00624912443291 -0.503447025806689
5.00458683388359 -0.503447025806689
5.00458683388359 -0.503447025806689
5.00458683388359 -0.502262859497742
5.00592376471186 -0.502262859497742
5.01062530445121 -0.503356479437021
5.01062530445121 -0.502390699774371
5.01099484253884 -0.502390699774371
5.00909936152468 -0.502390699774371
5.00909936152468 -0.502390699774371
5.00909936152468 -0.497492115512035
5.01091872903865 -0.49864294997194
5.01091872903865 -0.500626014991609
5.01091872903865 -0.497727757824596
5.01091872903865 -0.497727757824596
5.01971117513224 -0.497727757824596
5.01971117513224 -0.497727757824596
5.01553150675849 -0.497727757824596
5.01553150675849 -0.497727757824596
5.01553150675849 -0.497727757824596
5.01553150675849 -0.501228372806193
5.01553150675849 -0.502749039547509
5.01553150675849 -0.500203900411174
5.01553150675849 -0.500203900411174
5.01553150675849 -0.498560032341382
5.01560280358008 -0.495419893096714
5.02230381050535 -0.491213170498863
5.02348357115222 -0.491213170498863
5.02348357115222 -0.491213170498863
5.02348357115222 -0.488249088304019
5.02561130499435 -0.488249088304019
5.02561130499435 -0.488249088304019
5.02561130499435 -0.488249088304019
5.02136297630655 -0.494482066676133
5.02390533004839 -0.49072283942695
5.03275746712533 -0.488639353327139
5.03083444294634 -0.490043196725649
5.02699518020095 -0.490043196725649
5.02699518020095 -0.487699899338361
5.02349921169409 -0.487699899338361
5.02256363763298 -0.48723327835344
5.02501739148055 -0.48723327835344
5.02501739148055 -0.48723327835344
5.02501739148055 -0.488738926627101
5.02501739148055 -0.484134480950871
5.02610540500093 -0.483538920657112
5.02482414416778 -0.483538920657112
5.02482414416778 -0.491184592239103
5.02427578858476 -0.491184592239103
5.02427578858476 -0.491184592239103
5.02427578858476 -0.491184592239103
5.02223064167315 -0.491184592239103
5.02223064167315 -0.490599177112495
5.02433530014603 -0.490599177112495
5.02432346221113 -0.489857880546145
5.02432346221113 -0.489857880546145
5.02432346221113 -0.489857880546145
5.02432346221113 -0.489857880546145
5.02432346221113 -0.484117523313713
5.02187236962283 -0.484117523313713
5.02230905863029 -0.484117523313713
5.0220330653845 -0.484117523313713
5.02831005920989 -0.484117523313713
5.02831005920989 -0.484275182418459
5.02831005920989 -0.484275182418459
5.02615522259187 -0.485737858440332
5.02615522259187 -0.485737858440332
5.02615522259187 -0.485737858440332
5.02615522259187 -0.485737858440332
5.02615522259187 -0.485737858440332
5.02615522259187 -0.485737858440332
5.0252199355795 -0.485737858440332
5.02747565055534 -0.481804521591471
5.02123362327711 -0.485448921877068
5.02123362327711 -0.485448921877068
5.02123362327711 -0.480156206611213
5.02186284859111 -0.481872920567541
5.02186284859111 -0.481872920567541
5.02186284859111 -0.480756141140819
5.02186284859111 -0.480756141140819
5.0316421950902 -0.480756141140819
5.02516884403803 -0.480756141140819
5.02516884403803 -0.480756141140819
5.02025001591336 -0.484590871903478
5.02025001591336 -0.484590871903478
5.02025001591336 -0.484590871903478
5.02025001591336 -0.485232207005059
5.02025001591336 -0.486403811445998
5.02025001591336 -0.486403811445998
5.01868341835335 -0.485592721140795
5.01868341835335 -0.485592721140795
5.02199946618016 -0.488197013746464
5.02041733016314 -0.488197013746464
5.02041733016314 -0.488197013746464
5.02192586768519 -0.487539903451667
5.02408133414209 -0.487539903451667
5.03294832529467 -0.487539903451667
5.02680555808462 -0.487539903451667
5.02680555808462 -0.487539903451667
5.02680555808462 -0.487539903451667
5.03113636503538 -0.487539903451667
5.03113636503538 -0.487539903451667
5.0324273643035 -0.483541507309989
5.03513209168179 -0.483541507309989
5.03659922711826 -0.479574028739889
5.03659922711826 -0.48209281327569
5.03659922711826 -0.48209281327569
5.03659922711826 -0.48209281327569
5.03490398435147 -0.479804508714614
5.03490398435147 -0.479804508714614
5.03490398435147 -0.479804508714614
5.03490398435147 -0.477757170890817
5.03021567288796 -0.482231139972388
5.0274349283852 -0.48264031518854
5.03382048406791 -0.483179507907261
5.03268448946719 -0.483179507907261
5.02595762442671 -0.483179507907261
5.02595762442671 -0.483179507907261
5.02595762442671 -0.483179507907261
5.02595762442671 -0.482882933008664
5.02909122695818 -0.484824871443347
5.02909122695818 -0.484824871443347
5.02909122695818 -0.488321163452078
5.02028675776123 -0.488321163452078
5.0242588476708 -0.490308570400863
5.0242588476708 -0.482073729637274
5.02542234913009 -0.48347375181878
5.0237620948302 -0.48347375181878
5.0237620948302 -0.48347375181878
5.0237620948302 -0.48347375181878
5.02778370697883 -0.48347375181878
5.02543549759529 -0.485336601097279
5.02543549759529 -0.485336601097279
5.02543549759529 -0.485336601097279
5.02285631611786 -0.485336601097279
5.02614504894944 -0.486612500653468
5.03143100457265 -0.487018756844452
5.03143100457265 -0.487543353507597
5.03143100457265 -0.484529440482234
5.03143100457265 -0.484960547857601
5.03143100457265 -0.484960547857601
5.03401419743319 -0.484960547857601
5.03116771806261 -0.486326517335369
5.03068542431892 -0.483227527423321
5.03047683303476 -0.485470815935648
5.03047683303476 -0.485470815935648
5.03047683303476 -0.487347355127085
5.02771781959208 -0.489332098266364
5.02771781959208 -0.489883627699619
5.02868765269924 -0.486847843062399
5.02868765269924 -0.487803157940677
5.02868765269924 -0.488721528812576
5.02868765269924 -0.488721528812576
5.02868765269924 -0.487783338068056
5.02868765269924 -0.487783338068056
5.02868765269924 -0.486384929472748
5.02868765269924 -0.489733666964449
5.02136940143221 -0.491753732269512
5.02136940143221 -0.489647759913538
5.02136940143221 -0.489647759913538
5.02136940143221 -0.489647759913538
5.02215015731951 -0.489647759913538
5.01897927778293 -0.491875931403843
5.02335862714925 -0.497326364628429
5.02172937532103 -0.492207460337193
5.01942116250025 -0.492207460337193
5.01942116250025 -0.492207460337193
5.01942116250025 -0.492207460337193
5.02174838189953 -0.492207460337193
5.022800203427 -0.491045887345158
5.01450277114722 -0.486918079299564
5.01450277114722 -0.486918079299564
5.02369943666544 -0.482397086554272
5.02291310418522 -0.48153939266409
5.02291310418522 -0.48153939266409
5.02834174959011 -0.48153939266409
5.02660963363313 -0.48153939266409
5.02660963363313 -0.48153939266409
5.02660963363313 -0.48153939266409
5.02555907415408 -0.485099425280948
5.02555907415408 -0.485099425280948
5.02454643877246 -0.485099425280948
5.02454643877246 -0.485099425280948
5.02454643877246 -0.485099425280948
5.02707425694497 -0.485099425280948
5.02334041370562 -0.485099425280948
5.02334041370562 -0.485849408361232
5.02334041370562 -0.485849408361232
5.02334041370562 -0.484625112417431
5.02334041370562 -0.484625112417431
5.02448873915628 -0.485460956325007
5.02448873915628 -0.483418381380853
5.02830625521758 -0.486185067879612
5.02830625521758 -0.486185067879612
5.02688525361465 -0.486185067879612
5.02769414222823 -0.484839455515308
5.02769414222823 -0.48588847884534
5.02731349995192 -0.486389182590531
5.03369899904441 -0.486389182590531
5.02176910236119 -0.484661546688476
5.02221791655409 -0.484661546688476
5.02221791655409 -0.48714339547281
5.02221791655409 -0.48714339547281
5.02221791655409 -0.48714339547281
5.02221791655409 -0.48714339547281
5.02221791655409 -0.48714339547281
5.02221791655409 -0.488750548589798
5.0196593102218 -0.49200984455907
5.0196593102218 -0.49200984455907
5.0196593102218 -0.493757155605725
5.01980642658203 -0.492181335020081
5.01980642658203 -0.492181335020081
5.01910785185807 -0.488799874681329
5.01910785185807 -0.488799874681329
5.01910785185807 -0.488799874681329
5.01910785185807 -0.495426965133868
5.01910785185807 -0.495426965133868
5.01963234147191 -0.492795251658238
5.01610459107171 -0.492795251658238
5.01840353893587 -0.492795251658238
5.01840353893587 -0.492795251658238
5.01840353893587 -0.492795251658238
5.01686709498231 -0.490176179170341
5.01445141815984 -0.490176179170341
5.00789158653062 -0.490176179170341
5.00834226256574 -0.490176179170341
5.00834226256574 -0.490176179170341
5.00953835520661 -0.489401774875784
5.00953835520661 -0.489401774875784
5.01709803893403 -0.489128951411153
5.01709803893403 -0.489128951411153
5.01625737210828 -0.483804723466444
5.01544751991135 -0.485183132350233
5.01544751991135 -0.485183132350233
5.0174454176278 -0.487276184253384
5.0174454176278 -0.488216377834664
5.01193597027094 -0.488216377834664
5.01193597027094 -0.490871051418976
5.01193597027094 -0.490871051418976
5.01437029091264 -0.490871051418976
5.01437029091264 -0.490871051418976
5.0171332583306 -0.490871051418976
5.02053660869398 -0.490871051418976
5.02053660869398 -0.489826388800451
5.02563736245795 -0.489826388800451
5.02690280275598 -0.486540953728505
5.02690280275598 -0.486540953728505
5.02947002125981 -0.486540953728505
5.02580666618568 -0.486053462937196
5.0299929250269 -0.486053462937196
5.02766088545624 -0.483591796431797
5.02780996681242 -0.482671227575904
5.02780996681242 -0.484140216445445
5.02780996681242 -0.484140216445445
5.02620075618427 -0.484140216445445
5.0314008447631 -0.484602374056218
5.03421560545829 -0.488587147374879
5.0358363431904 -0.488587147374879
5.0343581280625 -0.488587147374879
5.0343581280625 -0.487225766487863
5.0343581280625 -0.490656489710118
5.03753240550115 -0.486568516751575
5.03753240550115 -0.486058758216887
5.03496096098206 -0.486058758216887
5.03496096098206 -0.480409180057471
5.03496096098206 -0.480409180057471
5.03806521446892 -0.487573191502521
5.03806521446892 -0.486759975118438
5.03806521446892 -0.486759975118438
5.03806521446892 -0.493271420792088
5.02650009038065 -0.493961482706697
5.02650009038065 -0.493961482706697
5.02747053999448 -0.49230146448189
5.02747053999448 -0.49230146448189
5.03597552691991 -0.49230146448189
5.03597552691991 -0.491369339348233
5.03597552691991 -0.487394277237562
5.03597552691991 -0.487394277237562
5.03597552691991 -0.487911789012984
5.03597552691991 -0.483142337649589
5.03876637380668 -0.485274578625096
5.03876637380668 -0.486561439754309
5.03876637380668 -0.484045727452893
5.03876637380668 -0.484045727452893
5.03876637380668 -0.481778351161902
5.04069529282339 -0.481778351161902
5.04069529282339 -0.481778351161902
5.03981276128945 -0.481778351161902
5.03981276128945 -0.480119274508471
5.03981276128945 -0.480119274508471
5.04300971668009 -0.480119274508471
5.04300971668009 -0.486465773448494
5.04300971668009 -0.485724109505081
5.04300971668009 -0.485724109505081
5.04300971668009 -0.485724109505081
5.04300971668009 -0.485724109505081
5.04405008873288 -0.487960679401031
5.04315995337279 -0.493511531675554
5.04926078224953 -0.493456956223329
5.04143980237832 -0.493456956223329
5.04143980237832 -0.493456956223329
5.04143980237832 -0.493456956223329
5.04169525992248 -0.494089705476445
5.04169525992248 -0.494089705476445
5.03976837423653 -0.494089705476445
5.03976837423653 -0.500906092479206
5.03976837423653 -0.490018519761407
5.03976837423653 -0.490018519761407
5.04038563259669 -0.495164670277175
5.04038563259669 -0.495164670277175
5.04038563259669 -0.495164670277175
5.04038563259669 -0.495164670277175
5.04138846530386 -0.495164670277175
5.03776595401533 -0.499531440457501
5.03776595401533 -0.495923221411951
5.0368585527009 -0.492508348255314
5.0368585527009 -0.492508348255314
5.0368585527009 -0.492508348255314
5.0368585527009 -0.492508348255314
5.0368585527009 -0.492508348255314
5.0368585527009 -0.494107551545402
5.03664359892119 -0.486850897457774
5.04072572224826 -0.491893165194294
5.04072572224826 -0.489021144176253
5.04072572224826 -0.489021144176253
5.04072572224826 -0.489021144176253
5.04072572224826 -0.488222287124491
5.03785850971433 -0.488222287124491
5.04119749908077 -0.488222287124491
5.04119749908077 -0.488222287124491
5.04119749908077 -0.488222287124491
5.04119749908077 -0.4933996469676
5.04110119695081 -0.488958500717207
5.04110119695081 -0.488958500717207
5.04110119695081 -0.486916128178349
5.03594014507816 -0.494867251975567
5.03594014507816 -0.494867251975567
5.03594014507816 -0.493575637941051
5.03411735587155 -0.493575637941051
5.03411735587155 -0.49822997422061
5.03411735587155 -0.496925826356671
5.03411735587155 -0.496925826356671
5.03411735587155 -0.498455568456654
5.03411735587155 -0.498455568456654
5.03240204221088 -0.498455568456654
5.03240204221088 -0.498455568456654
5.03140251858968 -0.498455568456654
5.03140251858968 -0.498455568456654
5.03140251858968 -0.498401174297018
5.0350749906033 -0.497220166830234
5.03539207289338 -0.497220166830234
5.03539207289338 -0.49667076949248
5.0351725022544 -0.498751497583601
5.0351725022544 -0.498751497583601
5.0351725022544 -0.498751497583601
5.0351725022544 -0.498751497583601
5.0351725022544 -0.498751497583601
5.0319334385523 -0.493169838352143
5.0319334385523 -0.493169838352143
5.03774319369797 -0.489428041567227
5.03774319369797 -0.489428041567227
5.03336944987375 -0.489428041567227
5.03336944987375 -0.491766993794065
5.03568516613915 -0.491766993794065
5.03091781186931 -0.490650041475485
5.03261722967489 -0.490650041475485
5.02862895478432 -0.492506521730345
5.02862895478432 -0.492632449475214
5.02862895478432 -0.492632449475214
5.03117961401718 -0.492935015840942
5.03117961401718 -0.492935015840942
5.03117961401718 -0.492935015840942
5.03117961401718 -0.492935015840942
5.02847733377949 -0.489388746299298
5.02713074340585 -0.489388746299298
5.03337357007727 -0.489388746299298
5.03337357007727 -0.489388746299298
5.03337357007727 -0.488391822606582
5.03377169933794 -0.488391822606582
5.02997270506212 -0.491011174991303
5.02997270506212 -0.486018594492658
5.02997270506212 -0.486239199721937
5.02419498116094 -0.486239199721937
5.02433905332235 -0.486239199721937
5.02433905332235 -0.484544248792984
5.02433905332235 -0.488566317662727
5.02446785978407 -0.486116241310011
5.02464407930522 -0.48435912055005
5.02464407930522 -0.48435912055005
5.01918713574137 -0.48435912055005
5.01918713574137 -0.48435912055005
5.01918713574137 -0.48435912055005
5.02264865381387 -0.478118558190656
5.02264865381387 -0.479857960600277
5.02966862852531 -0.478843944932309
5.02966862852531 -0.478843944932309
5.02966862852531 -0.477689864844263
5.02966862852531 -0.478120738860617
5.02966862852531 -0.478120738860617
5.02966862852531 -0.478120738860617
5.03334235398431 -0.478120738860617
5.02825403718736 -0.478120738860617
5.02825403718736 -0.477897678606786
5.02825403718736 -0.477897678606786
5.02825403718736 -0.477897678606786
5.03078891566044 -0.478788065438015
5.03201075428555 -0.478788065438015
5.03086128496483 -0.478802294678585
5.03086128496483 -0.478802294678585
5.03086128496483 -0.478802294678585
5.03371253320146 -0.478802294678585
5.02811757739804 -0.478802294678585
5.02811757739804 -0.478802294678585
5.0339232683996 -0.478802294678585
5.0339232683996 -0.478802294678585
5.0339232683996 -0.478802294678585
5.03420499434137 -0.478802294678585
5.03420499434137 -0.478802294678585
5.03420499434137 -0.47679100543969
5.03420499434137 -0.479203439517626
5.03420499434137 -0.475252311125183
5.03420499434137 -0.475252311125183
5.03420499434137 -0.47482421055594
5.03420499434137 -0.476629402391598
5.03274424418044 -0.476629402391598
5.02747091290029 -0.476629402391598
5.02747091290029 -0.476629402391598
5.02381681019793 -0.476629402391598
5.02205000991166 -0.473107574220833
5.02563300162602 -0.473107574220833
5.02563300162602 -0.473107574220833
5.03388310282619 -0.473305180449517
5.03388310282619 -0.476871018285068
5.03287414128419 -0.476871018285068
5.04755914616478 -0.474543757567744
5.04451676768357 -0.474543757567744
5.04367477476923 -0.47560287672368
5.03869499410746 -0.47560287672368
5.03869499410746 -0.478414624771031
5.03869499410746 -0.478917611035771
5.03869499410746 -0.478917611035771
5.03869499410746 -0.478917611035771
5.03869499410746 -0.48274991036519
5.03869499410746 -0.480575511696528
5.03851741368128 -0.481816364280392
5.03851741368128 -0.481901274595679
5.03851741368128 -0.481901274595679
5.03851741368128 -0.481901274595679
5.04176633361347 -0.481901274595679
5.03887615747279 -0.482726558897461
5.03520001889887 -0.48581324642116
5.03520001889887 -0.48581324642116
5.03520001889887 -0.487812633644114
5.03520001889887 -0.486529741802866
5.03520001889887 -0.484213242247408
5.02858801971813 -0.484213242247408
5.02858801971813 -0.484213242247408
5.02563803031928 -0.484213242247408
5.02563803031928 -0.484213242247408
5.02563803031928 -0.484213242247408
5.02727342399833 -0.484213242247408
5.02727342399833 -0.485681143989517
5.03039487950149 -0.485681143989517
5.03039487950149 -0.485681143989517
5.02620927800512 -0.491030436128543
5.02620927800512 -0.4915451449128
5.02620927800512 -0.4915451449128
5.02620927800512 -0.492725275703151
5.02727087017513 -0.492725275703151
5.01762530763488 -0.492725275703151
5.02211173097756 -0.492725275703151
5.01222963319977 -0.492725275703151
5.02141892496815 -0.492725275703151
5.02141892496815 -0.492725275703151
5.02327165508867 -0.492725275703151
5.02327165508867 -0.492725275703151
5.02327165508867 -0.494643784874706
5.02327165508867 -0.489327685850659
5.02327165508867 -0.489327685850659
5.0240958431013 -0.489327685850659
5.0189597043528 -0.489327685850659
5.0189597043528 -0.492394153358608
5.0189597043528 -0.492669581172738
5.01338637395622 -0.491467752007661
5.01424852305846 -0.491467752007661
5.01424852305846 -0.491820524027487
5.01697034660608 -0.491820524027487
5.02209293520019 -0.491820524027487
5.02139495963424 -0.491820524027487
5.02139495963424 -0.491820524027487
5.02139495963424 -0.492490697388929
5.02139495963424 -0.492490697388929
5.02040120384888 -0.492490697388929
5.02040120384888 -0.492490697388929
5.02040120384888 -0.492490697388929
5.02040120384888 -0.486876159011208
5.02040120384888 -0.486876159011208
5.02040120384888 -0.486876159011208
5.01684061197158 -0.486876159011208
5.01498464206618 -0.486876159011208
5.01439003317733 -0.486876159011208
5.01439003317733 -0.489086368364394
5.01439003317733 -0.489086368364394
5.01439003317733 -0.489086368364394
5.01592471321119 -0.489086368364394
5.01360944389047 -0.485272349307364
5.01360944389047 -0.485272349307364
5.01360944389047 -0.485272349307364
5.01360944389047 -0.486697136861757
5.01360944389047 -0.486697136861757
5.01360944389047 -0.492145891455731
5.01360944389047 -0.492145891455731
5.01360944389047 -0.492145891455731
5.01151628812495 -0.492145891455731
5.01151628812495 -0.492145891455731
5.01153805357279 -0.484925920762069
5.01153805357279 -0.484925920762069
5.01153805357279 -0.484925920762069
5.01153805357279 -0.490155613179312
5.01153805357279 -0.490155613179312
5.00611784661189 -0.490155613179312
5.00611784661189 -0.493222542658575
5.01164344371798 -0.491164654954436
5.01164344371798 -0.491164654954436
5.01164344371798 -0.491164654954436
5.01164344371798 -0.491164654954436
5.01164344371798 -0.491164654954436
5.00995044875635 -0.491164654954436
5.00808779970019 -0.491164654954436
5.01372813696281 -0.491164654954436
5.01372813696281 -0.486891381297704
5.00858855774118 -0.486891381297704
5.00515534232022 -0.489218100271519
5.00515534232022 -0.488433528994948
5.00889510490428 -0.488433528994948
5.00958226522216 -0.493598442270906
5.00958226522216 -0.493598442270906
5.00958226522216 -0.489108563220861
5.00958226522216 -0.493332744528008
5.00958226522216 -0.485473912306597
5.00958226522216 -0.488660089653655
5.00958226522216 -0.488949456118885
5.01043202401168 -0.488949456118885
5.01043202401168 -0.488949456118885
5.01043202401168 -0.488949456118885
5.01043202401168 -0.488602902130569
5.01043202401168 -0.488602902130569
5.01043202401168 -0.494562818912853
5.01043202401168 -0.494562818912853
5.01043202401168 -0.494562818912853
5.01345977392701 -0.494562818912853
5.01164721335702 -0.494562818912853
5.01164721335702 -0.4963223959838
5.01164721335702 -0.4963223959838
5.01164721335702 -0.498103887706776
5.00995192442335 -0.498103887706776
5.00995192442335 -0.498103887706776
5.00995192442335 -0.498103887706776
5.01044879399426 -0.498103887706776
5.01103730126876 -0.498103887706776
5.01001957286881 -0.502434686339772
5.01001957286881 -0.496899387426683
5.01012606008036 -0.499280518607071
5.00210363914162 -0.496857778903828
5.00210363914162 -0.496857778903828
4.999527042682 -0.496864123946434
5.00348393113723 -0.496864123946434
5.00348393113723 -0.495958263534479
5.00348393113723 -0.498897606734547
4.99904738394971 -0.498897606734547
4.99904738394971 -0.498274781471364
5.00119463700043 -0.498274781471364
5.00107414552646 -0.498114153686136
5.00082111186811 -0.498114153686136
5.00082111186811 -0.498114153686136
4.99910210517337 -0.498114153686136
4.99910210517337 -0.498114153686136
4.99910210517337 -0.497781260536944
5.0009559993398 -0.497207330942683
5.00228746148781 -0.493063287237812
5.00998230471875 -0.494773108903348
5.01346652697431 -0.494773108903348
5.01346652697431 -0.494773108903348
5.01346652697431 -0.494773108903348
5.01346652697431 -0.494773108903348
5.01346652697431 -0.494773108903348
5.01178556929735 -0.494773108903348
5.01178556929735 -0.494773108903348
5.01687870485399 -0.494276964413832
5.01687870485399 -0.494276964413832
5.01688567651739 -0.494276964413832
5.01688567651739 -0.494835126183561
5.01688567651739 -0.488575891892492
5.02189215895847 -0.490237562835968
5.01556873492145 -0.490237562835968
5.01556873492145 -0.490237562835968
5.01556873492145 -0.490237562835968
5.02000788066441 -0.490237562835968
5.02000788066441 -0.490237562835968
5.02000788066441 -0.490237562835968
5.02000788066441 -0.491289129695642
5.01961937631676 -0.491289129695642
5.02455694360222 -0.491289129695642
5.02455694360222 -0.491289129695642
5.02455694360222 -0.491289129695642
5.02455694360222 -0.491289129695642
5.02586159005082 -0.489112643307597
5.02586159005082 -0.491988222927549
5.01966300139403 -0.491988222927549
5.01955764315826 -0.495836571715877
5.01955764315826 -0.495836571715877
5.01955764315826 -0.495836571715877
5.01955764315826 -0.488134165808824
5.01955764315826 -0.488134165808824
5.01955764315826 -0.488134165808824
5.01955764315826 -0.493996376919972
5.01955764315826 -0.493996376919972
5.02224858639373 -0.493996376919972
5.02224858639373 -0.493996376919972
5.02224858639373 -0.493635298849426
5.02224858639373 -0.495195756077672
5.02224858639373 -0.502012956353716
5.02224858639373 -0.50157484524855
5.02224858639373 -0.499994039445689
5.02224858639373 -0.505620430188756
5.01933361557997 -0.504546485400276
5.02054148177728 -0.50485317126954
5.02054148177728 -0.50485317126954
5.02200628801208 -0.50485317126954
5.02200628801208 -0.50485317126954
5.02849792369117 -0.502727760487673
5.02849792369117 -0.503489407405005
5.02915943433931 -0.503489407405005
5.02915943433931 -0.503489407405005
5.02915943433931 -0.503489407405005
5.02915943433931 -0.503489407405005
5.02649004421866 -0.503489407405005
5.02649004421866 -0.500012422237932
5.02649004421866 -0.500012422237932
5.02483642301186 -0.500012422237932
5.02148348369135 -0.498615263215358
5.02044803836571 -0.498615263215358
5.0197673487458 -0.498615263215358
5.02327049795599 -0.498615263215358
5.02327049795599 -0.502634034012695
5.02327049795599 -0.502634034012695
5.02485936539976 -0.502634034012695
5.01938313566404 -0.502634034012695
5.01938313566404 -0.502634034012695
5.01938313566404 -0.502634034012695
5.01938313566404 -0.501385755445953
5.01938313566404 -0.501385755445953
5.01938313566404 -0.496107003305384
5.01665575952599 -0.496107003305384
5.01665575952599 -0.501190919881168
5.01665575952599 -0.498622172925569
5.01665575952599 -0.498622172925569
5.01665575952599 -0.498122403051878
5.01916221457745 -0.498122403051878
5.01916221457745 -0.498122403051878
5.01916221457745 -0.498122403051878
5.01916221457745 -0.500955387075425
5.01916221457745 -0.497325652723884
5.01916221457745 -0.497325652723884
5.02582043028547 -0.497325652723884
5.02582043028547 -0.497325652723884
5.02582043028547 -0.497325652723884
5.02582043028547 -0.497325652723884
5.02582043028547 -0.495378504011543
5.02253488247611 -0.495378504011543
5.02437940127429 -0.496241712191377
5.02437940127429 -0.494109650648086
5.02753743157434 -0.494109650648086
5.02753743157434 -0.494109650648086
5.02630463337627 -0.494109650648086
5.02630463337627 -0.494109650648086
5.026819056882 -0.494109650648086
5.026819056882 -0.494109650648086
5.026819056882 -0.493752464144236
5.02428345899989 -0.496946217554326
5.02390193330684 -0.496946217554326
5.02390193330684 -0.491207958222611
5.02390193330684 -0.492959740428279
5.02385652422181 -0.492959740428279
5.02711677520783 -0.496695453564236
5.02711677520783 -0.499550704608897
5.02845129413776 -0.499550704608897
5.03232212019361 -0.499550704608897
5.03440310526303 -0.499550704608897
5.03440310526303 -0.500457311444848
5.033982767624 -0.500457311444848
5.03475180842561 -0.500457311444848
5.03475180842561 -0.500457311444848
5.03504415813986 -0.500457311444848
5.03504415813986 -0.500457311444848
5.03504415813986 -0.500457311444848
5.03306963781203 -0.500457311444848
5.04007435510306 -0.500457311444848
5.04007435510306 -0.50021194797756
5.0366864858372 -0.50021194797756
5.03472617350226 -0.50021194797756
5.03472617350226 -0.50021194797756
5.03472617350226 -0.50021194797756
5.03472617350226 -0.50021194797756
5.03472617350226 -0.503972686472467
5.03472617350226 -0.503972686472467
5.03472617350226 -0.503972686472467
5.03472617350226 -0.507741362889428
5.03472617350226 -0.505705963345509
5.04321638500846 -0.50316246416245
5.03971327276022 -0.502390751707547
5.03971327276022 -0.503146585435705
5.04281168083818 -0.503146585435705
5.04281168083818 -0.503146585435705
5.02942214293975 -0.500563707569367
5.03475220466671 -0.496468820002117
5.02424794962484 -0.501803145275675
5.02424794962484 -0.506497540815731
5.02424794962484 -0.506497540815731
5.02424794962484 -0.506497540815731
5.02424794962484 -0.506497540815731
5.02424794962484 -0.506497540815731
5.02424794962484 -0.503189664642769
5.02424794962484 -0.50306762045026
5.02424794962484 -0.502859831501596
5.02562385263991 -0.502859831501596
5.01997803226062 -0.502859831501596
5.02791809543726 -0.502859831501596
5.02791809543726 -0.502859831501596
5.02353917501501 -0.502859831501596
5.02102835116517 -0.502859831501596
5.02102835116517 -0.502859831501596
5.02102835116517 -0.502859831501596
5.02102835116517 -0.502859831501596
5.01719792283973 -0.502859831501596
5.01641746882852 -0.49720708998652
5.01761470960781 -0.49720708998652
5.01761470960781 -0.49720708998652
5.01761470960781 -0.500304298660475
5.01761470960781 -0.500304298660475
5.01761470960781 -0.497957961817153
5.01761470960781 -0.497957961817153
5.0152967103663 -0.50468063775524
5.0152967103663 -0.499012019725821
5.01157109204804 -0.499012019725821
5.00751697696273 -0.499012019725821
5.00751697696273 -0.498650246884593
5.00751697696273 -0.494480092621701
5.00883936408615 -0.494480092621701
5.0067570302812 -0.494480092621701
5.00664515252378 -0.494480092621701
5.00664515252378 -0.487981054235411
5.00582101500523 -0.491634768037693
5.00582101500523 -0.491634768037693
5.00582101500523 -0.491634768037693
4.99753501384088 -0.486429953994983
4.99753501384088 -0.486429953994983
5.00534924236888 -0.48884912460401
5.00534924236888 -0.48884912460401
5.00534924236888 -0.48884912460401
5.00534924236888 -0.487446742867136
5.01121334327234 -0.489133867727785
5.01121334327234 -0.489133867727785
5.01121334327234 -0.489133867727785
5.01049466040527 -0.488461339652706
5.01653947143623 -0.487014989736871
5.01642124346795 -0.487014989736871
5.01642124346795 -0.485411178604866
5.01224012533268 -0.486825066764742
5.01224012533268 -0.487246796020946
5.00977458265696 -0.487246796020946
5.00977458265696 -0.484657405957116
5.01291829642287 -0.484829396920275
5.01291829642287 -0.484829396920275
5.01198646754693 -0.484829396920275
5.01198646754693 -0.482068701149614
5.00691320333857 -0.482068701149614
5.00691320333857 -0.477284416638334
5.00691320333857 -0.484459001352468
5.00440829629939 -0.484459001352468
5.00440829629939 -0.475890891598312
5.00440829629939 -0.476577070986371
5.00440829629939 -0.476549323242734
5.01403600989538 -0.476520018164273
5.01403600989538 -0.476520018164273
5.01403600989538 -0.476520018164273
5.01403600989538 -0.479024506436773
5.01759338127255 -0.479024506436773
5.00859286967564 -0.478119267488593
5.00970314276425 -0.478008345237585
5.00970314276425 -0.478008345237585
5.01306505356278 -0.48021482776306
5.01306505356278 -0.48021482776306
5.01257452377203 -0.482609483768543
5.01257452377203 -0.482566087119046
5.01851714744429 -0.482566087119046
5.01851714744429 -0.482566087119046
5.01851714744429 -0.480267083633841
5.01977699455664 -0.485042764624104
5.0214180270581 -0.485607331521978
5.0214180270581 -0.485607331521978
5.0214180270581 -0.485607331521978
5.02137878880054 -0.485607331521978
5.02137878880054 -0.485607331521978
5.02137878880054 -0.485607331521978
5.02137878880054 -0.485607331521978
5.02081324618141 -0.485607331521978
5.02081324618141 -0.485607331521978
5.02336984636738 -0.485607331521978
5.01630615104997 -0.487825008689783
5.0143005751887 -0.48941331130956
5.01245349328575 -0.48941331130956
5.01245349328575 -0.493277019674255
5.01245349328575 -0.490084363795717
5.01076553399932 -0.490084363795717
5.01076553399932 -0.490084363795717
5.01910538836523 -0.490084363795717
5.01910538836523 -0.493438936220348
5.01910538836523 -0.494763968937267
5.01704925364726 -0.499702961337154
5.01704925364726 -0.499702961337154
5.01704925364726 -0.499702961337154
5.01435260084154 -0.499702961337154
5.01435260084154 -0.499702961337154
5.01212367087534 -0.499702961337154
5.00815017510491 -0.499055368305019
5.01366177735988 -0.499055368305019
5.01765845576299 -0.499055368305019
5.01275000796639 -0.499162154892302
5.01275000796639 -0.499162154892302
5.01275000796639 -0.499162154892302
5.01275000796639 -0.499162154892302
5.01224011759271 -0.499162154892302
5.01224011759271 -0.50004070316472
5.01224011759271 -0.499196190891839
5.01224011759271 -0.500370545387535
5.01224011759271 -0.502867387360392
5.01220869430845 -0.502867387360392
5.01220869430845 -0.49900938534816
5.01210207949096 -0.49900938534816
5.00785420073683 -0.49900938534816
5.00915756430241 -0.49900938534816
5.00915756430241 -0.49900938534816
5.00915756430241 -0.499797528504593
5.0081256200308 -0.499797528504593
5.0081256200308 -0.499797528504593
5.0081256200308 -0.499797528504593
5.0081256200308 -0.499797528504593
5.0081256200308 -0.499797528504593
5.01329186984017 -0.500901156618477
5.01329186984017 -0.500901156618477
5.01329186984017 -0.501342908257021
5.01330767689963 -0.501342908257021
5.00686418073595 -0.507531255918877
5.00686418073595 -0.507531255918877
5.00686418073595 -0.507531255918877
5.00928435057145 -0.507531255918877
5.00928435057145 -0.507531255918877
5.00928435057145 -0.505079676594881
5.00928435057145 -0.505079676594881
5.01001232570048 -0.505079676594881
5.01001232570048 -0.505079676594881
5.01001232570048 -0.505079676594881
5.01001232570048 -0.509143073208883
5.01016259250283 -0.509143073208883
5.0136390076173 -0.508108361399893
5.00796988661288 -0.508108361399893
5.00796988661288 -0.509031913966951
5.00927247863288 -0.509031913966951
5.00927247863288 -0.509943653914208
5.00927247863288 -0.509943653914208
5.00955407002511 -0.507882322069847
5.00955407002511 -0.507882322069847
5.01148198698541 -0.507882322069847
5.00883954462762 -0.511500001255396
5.00883954462762 -0.511500001255396
5.01140668155626 -0.511500001255396
5.01140668155626 -0.512516047461944
5.01140668155626 -0.512516047461944
5.017764645225 -0.510394681402942
5.01525891905718 -0.510394681402942
5.01525891905718 -0.510394681402942
5.01525891905718 -0.510394681402942
5.01138682069139 -0.510394681402942
5.01138682069139 -0.510394681402942
5.01138682069139 -0.510394681402942
5.01005338507523 -0.510394681402942
5.0080410089129 -0.510394681402942
5.01400121566926 -0.510394681402942
5.01400121566926 -0.510691941148646
5.01400121566926 -0.510691941148646
5.01400121566926 -0.510691941148646
5.01400121566926 -0.510388465185357
5.01400121566926 -0.510388465185357
5.01400121566926 -0.510388465185357
5.01400121566926 -0.500842890068064
5.01400121566926 -0.508829275181163
5.01400121566926 -0.508829275181163
5.01400121566926 -0.508829275181163
5.01400121566926 -0.508829275181163
5.00963503722071 -0.508829275181163
5.01619321717864 -0.512610621517641
5.01619321717864 -0.512610621517641
5.01619321717864 -0.502996431431955
5.01726123310684 -0.505111676437593
5.01726123310684 -0.505111676437593
5.01726123310684 -0.505111676437593
5.01726123310684 -0.505111676437593
5.01907609234407 -0.505111676437593
5.01872615505574 -0.500961840047923
5.01872615505574 -0.499336018356043
5.01505176725086 -0.499336018356043
5.01905267537065 -0.499336018356043
5.01913745530364 -0.499336018356043
5.01913745530364 -0.5033021571807
5.01727200921252 -0.5033021571807
5.01227584360328 -0.5033021571807
5.01227584360328 -0.506420314559163
5.01227584360328 -0.506420314559163
5.01227584360328 -0.506420314559163
5.01227584360328 -0.506280531298024
5.01227584360328 -0.506398002835408
5.01340623888773 -0.506398002835408
5.01340623888773 -0.506398002835408
5.00667273967458 -0.507262515428425
5.00667273967458 -0.507262515428425
5.00667273967458 -0.507262515428425
5.00667273967458 -0.507262515428425
5.00472670718611 -0.513263597733847
5.00472670718611 -0.509957466124942
5.00395237678037 -0.509957466124942
5.00395237678037 -0.509957466124942
5.00395237678037 -0.509957466124942
4.99911134583802 -0.509957466124942
4.99911134583802 -0.50678994589864
4.99911134583802 -0.509868462334723
4.99911134583802 -0.512620173392146
5.00033704965531 -0.512717634141294
5.00033704965531 -0.512717634141294
5.00033704965531 -0.512717634141294
5.00033704965531 -0.511858505117297
5.00033704965531 -0.511858505117297
5.00033704965531 -0.511858505117297
5.00033704965531 -0.511858505117297
5.00033704965531 -0.511858505117297
5.00033704965531 -0.511858505117297
5.00033704965531 -0.507236017972112
5.00033704965531 -0.50833967465248
5.00033704965531 -0.50833967465248
4.99921451644298 -0.50833967465248
4.99921451644298 -0.509520107110382
4.99921451644298 -0.509520107110382
4.99921451644298 -0.506789150571171
4.99921451644298 -0.506789150571171
4.99921451644298 -0.50366506725702
5.00054854200464 -0.50366506725702
5.00492387605849 -0.50366506725702
5.00492387605849 -0.50366506725702
5.00492387605849 -0.50366506725702
5.00037726765055 -0.507127858022869
4.99529836400029 -0.508388065867634
4.99529836400029 -0.508599324990481
4.99529836400029 -0.504724326483576
5.00143813241335 -0.504724326483576
5.00143813241335 -0.504724326483576
4.99687613815091 -0.504724326483576
4.99687613815091 -0.504724326483576
5.00030894907087 -0.503877333814365
4.99365654458827 -0.500024790135013
4.99512054175576 -0.501164056408919
4.99014211359053 -0.501164056408919
4.98615675951242 -0.501164056408919
4.99112120249099 -0.501164056408919
4.99112120249099 -0.501164056408919
4.99395702470855 -0.499060048739821
4.99395702470855 -0.499060048739821
4.99395702470855 -0.497952539130557
4.99395702470855 -0.497952539130557
4.99395702470855 -0.497952539130557
4.99496541449684 -0.497952539130557
4.99496541449684 -0.498038753336571
4.99466834702967 -0.500432757716197
4.99465157216638 -0.499065192974487
4.99465157216638 -0.499065192974487
4.99465157216638 -0.499065192974487
5.00054978964796 -0.499065192974487
5.00054978964796 -0.499065192974487
5.00206975277442 -0.499065192974487
5.00206975277442 -0.499065192974487
4.99957716760248 -0.499065192974487
5.00615547056479 -0.499065192974487
5.00615547056479 -0.496821023454437
5.00615547056479 -0.499272190264166
5.00551589023399 -0.498698556473542
5.00292364102998 -0.500205608111963
5.00292364102998 -0.499848824853042
5.00292364102998 -0.499848824853042
5.00565641354017 -0.493136625911948
5.00565641354017 -0.492312821836094
5.00565641354017 -0.492312821836094
5.00387537054361 -0.492312821836094
5.00387537054361 -0.498235912728257
5.00178569352777 -0.498235912728257
5.00178569352777 -0.498235912728257
4.99876678527457 -0.498235912728257
4.9972738678517 -0.498235912728257
5.0012638600196 -0.498235912728257
5.0012638600196 -0.498235912728257
5.0012638600196 -0.498235912728257
5.00239299655647 -0.502472791036752
5.00239299655647 -0.502472791036752
5.00422532988596 -0.502472791036752
5.00422532988596 -0.502472791036752
5.01055324708028 -0.502472791036752
5.00970004887878 -0.502829504596759
5.00778722645949 -0.502341269510005
5.00778722645949 -0.497576035260123
5.00778722645949 -0.501277153938819
5.00778722645949 -0.502410433701292
5.00778722645949 -0.500149208739345
5.00778722645949 -0.499634230487799
5.00578902362037 -0.500752179408401
5.00578902362037 -0.500752179408401
5.00290300727056 -0.500752179408401
5.00419114844152 -0.500752179408401
5.00453172277972 -0.500752179408401
5.00453172277972 -0.499448498265115
5.00453172277972 -0.496576846134527
5.00453172277972 -0.496576846134527
5.00453172277972 -0.496576846134527
5.00453172277972 -0.494395436372508
4.99358308483711 -0.494395436372508
4.99358308483711 -0.494395436372508
4.99358308483711 -0.494395436372508
4.99358308483711 -0.494395436372508
4.99358308483711 -0.498915325066074
4.98830795950051 -0.498915325066074
4.98830795950051 -0.498915325066074
4.98830795950051 -0.49710415100096
4.99218711424647 -0.499406222971459
4.99218711424647 -0.490567371752021
4.9984586307011 -0.490567371752021
5.00035420408783 -0.495040808079793
5.00035420408783 -0.495040808079793
5.00035420408783 -0.495040808079793
5.00035420408783 -0.495430652191804
5.00035420408783 -0.498359270917076
4.99902964100624 -0.498359270917076
4.99902964100624 -0.498359270917076
4.99704952327034 -0.498359270917076
4.99704952327034 -0.501113400365596
4.99704952327034 -0.501113400365596
4.99508613022351 -0.501113400365596
4.99508613022351 -0.501113400365596
4.99508613022351 -0.501113400365596
4.99508613022351 -0.501113400365596
4.99508613022351 -0.501113400365596
4.99508613022351 -0.501237828585951
5.0011074991506 -0.501237828585951
5.0011074991506 -0.498000098565479
5.0011074991506 -0.498000098565479
5.00678024118642 -0.501169849027707
5.00464163974768 -0.501169849027707
5.00775525190829 -0.50082063035083
5.00613793884141 -0.50082063035083
5.00645674581594 -0.50082063035083
5.00645674581594 -0.50082063035083
5.00645674581594 -0.50082063035083
5.00645674581594 -0.50082063035083
5.01416864806931 -0.498887739793534
5.01416864806931 -0.497824003894393
5.00851191232653 -0.49621454161419
5.01800492172964 -0.49621454161419
5.01800492172964 -0.498892521236228
5.0160481371593 -0.493179924859761
5.0160481371593 -0.493179924859761
5.0155880301153 -0.493179924859761
5.01530937245294 -0.493179924859761
5.01530937245294 -0.491148642956665
5.01498263628333 -0.491148642956665
5.01498263628333 -0.491148642956665
5.01472345554249 -0.491148642956665
5.01472345554249 -0.491148642956665
5.01472345554249 -0.492145887947124
5.01472345554249 -0.492145887947124
5.01151915180061 -0.492145887947124
5.01151915180061 -0.499212656751514
5.00985692305614 -0.499212656751514
5.00985692305614 -0.499212656751514
5.00985692305614 -0.500417351394341
5.00985692305614 -0.500417351394341
5.00985692305614 -0.501097388976194
5.00985692305614 -0.501097388976194
5.00025539164349 -0.501097388976194
5.00025539164349 -0.501097388976194
5.00025539164349 -0.501097388976194
5.00047122344096 -0.497274335310019
5.00047122344096 -0.502294001741948
5.00047122344096 -0.502294001741948
4.99821267150197 -0.502294001741948
4.99821267150197 -0.503006934848719
4.99857916357231 -0.501498832440557
4.99966531763935 -0.501498832440557
4.99661253528418 -0.501498832440557
4.99661253528418 -0.501498832440557
4.99661253528418 -0.49594704694511
4.99535197988166 -0.49594704694511
4.99535197988166 -0.49594704694511
4.99535197988166 -0.49594704694511
4.99233682913974 -0.49594704694511
4.99971840796371 -0.49594704694511
4.99971840796371 -0.49594704694511
4.99971840796371 -0.492699610161729
4.99971840796371 -0.497738779240007
4.99459518227401 -0.4965612164713
4.99459518227401 -0.4965612164713
4.99494041723203 -0.495576294613222
4.99759189462715 -0.496442137679156
4.99799006152393 -0.496081984039555
4.99799006152393 -0.496081984039555
4.9926030563832 -0.494195777963459
4.9926030563832 -0.494195777963459
4.99278724133448 -0.494195777963459
4.98866339618631 -0.497814750576435
4.99043584680291 -0.497814750576435
4.99373804997087 -0.497814750576435
4.99273975648969 -0.497814750576435
4.99273975648969 -0.495769457798288
4.99273975648969 -0.496569938320294
4.99273975648969 -0.496326460959811
4.99273975648969 -0.4944715156717
4.99273975648969 -0.4944715156717
4.99273975648969 -0.497922991070176
4.99164772730353 -0.495542400136257
4.99164772730353 -0.495542400136257
4.99180987355668 -0.495542400136257
4.98895930855763 -0.495050993831769
4.98895930855763 -0.498342557969886
4.98895930855763 -0.496374705545769
4.99202803304562 -0.497932709992023
4.99202803304562 -0.497932709992023
4.99147723994366 -0.497932709992023
4.99147723994366 -0.494733778182216
4.99147723994366 -0.494733778182216
4.99147723994366 -0.496303808655365
4.99147723994366 -0.498544036853741
4.99147723994366 -0.498651494753788
4.98819163612878 -0.498651494753788
4.98819163612878 -0.496895124603348
4.99391165264416 -0.496895124603348
4.99391165264416 -0.501566147150118
4.99733986049107 -0.501566147150118
4.99007285641965 -0.502244090615409
4.99120871915293 -0.502244090615409
4.99041782051422 -0.502244090615409
4.99189012089986 -0.502244090615409
4.99189012089986 -0.502244090615409
4.99552898369678 -0.502244090615409
4.99552898369678 -0.502244090615409
4.99552898369678 -0.502244090615409
4.99552898369678 -0.502244090615409
4.99552898369678 -0.497544005104114
4.99552898369678 -0.499131447165645
4.99552898369678 -0.499131447165645
4.99873103512423 -0.499131447165645
4.99238548646436 -0.499131447165645
4.99304989922403 -0.499131447165645
4.99304989922403 -0.499131447165645
4.99304989922403 -0.499131447165645
4.98706251596691 -0.499131447165645
4.98706251596691 -0.502058712375991
4.98470996937107 -0.502058712375991
4.99403782165598 -0.501413643387086
4.99403782165598 -0.501413643387086
4.99403782165598 -0.501413643387086
4.99403782165598 -0.501413643387086
4.99403782165598 -0.501413643387086
4.99403782165598 -0.501413643387086
4.99403782165598 -0.501413643387086
4.99403782165598 -0.501413643387086
4.99403782165598 -0.501413643387086
4.99960195617053 -0.503088450517681
4.99960195617053 -0.503088450517681
4.99960195617053 -0.500921745390004
4.99960195617053 -0.500921745390004
4.99725731299191 -0.500921745390004
4.99725731299191 -0.502517309342352
4.99725731299191 -0.502517309342352
4.99629954186851 -0.502402451221379
4.99629954186851 -0.502402451221379
4.99807925151632 -0.502556933555661
4.99891126084428 -0.505439437370394
4.99842101341767 -0.506053414892904
5.00075032847464 -0.501736241565486
5.00075032847464 -0.501736241565486
5.00242437207948 -0.501736241565486
5.00242437207948 -0.501736241565486
5.00242437207948 -0.501736241565486
5.00242437207948 -0.503355126822131
5.00242437207948 -0.503355126822131
4.99741369084624 -0.507785815750292
4.99741369084624 -0.507785815750292
4.99741369084624 -0.507785815750292
4.99251881414242 -0.511813978685509
4.9907605838103 -0.511813978685509
4.99410790295463 -0.511813978685509
4.99410790295463 -0.509155936515689
4.99360540818927 -0.509155936515689
4.99360540818927 -0.505831389051197
4.99354357438206 -0.505913061889909
4.99426854983061 -0.505913061889909
4.99426854983061 -0.507234414080416
4.99426854983061 -0.507234414080416
4.99426854983061 -0.507234414080416
4.99426854983061 -0.507234414080416
4.99426854983061 -0.507234414080416
4.99336727160976 -0.503715479223844
4.98691311577927 -0.503715479223844
4.99899806247404 -0.501876121709309
4.99900082892709 -0.502234786965003
4.99900082892709 -0.502234786965003
4.99900082892709 -0.502234786965003
4.99900082892709 -0.500767225835557
4.99900082892709 -0.496617291327007
5.00004342028524 -0.496617291327007
5.00099057104529 -0.499737754274685
5.00099057104529 -0.499737754274685
5.00019940043959 -0.499453109976497
5.00019940043959 -0.50047977937851
5.00019940043959 -0.50047977937851
4.99682044646758 -0.50234623711486
5.00119121719547 -0.50234623711486
4.9980585036812 -0.497847497133698
5.00693955635088 -0.497847497133698
5.00693955635088 -0.495101553583424
5.00693955635088 -0.491801428269747
5.00693955635088 -0.491801428269747
5.00693955635088 -0.491801428269747
5.00412439669546 -0.491801428269747
5.00412439669546 -0.491801428269747
5.00228933608651 -0.491801428269747
5.00228933608651 -0.490638459638585
5.00197252080696 -0.490638459638585
5.00197252080696 -0.490638459638585
5.00197252080696 -0.490638459638585
5.00353619172021 -0.490638459638585
5.00353619172021 -0.490638459638585
5.00539730519838 -0.490638459638585
5.00520933509794 -0.489356723023575
5.00520933509794 -0.488479976781559
5.00520933509794 -0.492113495353344
5.00520933509794 -0.493315859839617
5.00571135019284 -0.497484438892343
5.00571135019284 -0.497644532117714
5.00378907584179 -0.504030479411868
5.00317343110069 -0.503933169850782
5.00392020818594 -0.503933169850782
5.00332197813022 -0.501191774151767
5.00683875619455 -0.501191774151767
5.00683875619455 -0.501191774151767
5.00683875619455 -0.500594549791438
5.0015019881803 -0.501005545405368
5.01035289015849 -0.500875205724945
5.00814226313762 -0.497802525785127
5.00814226313762 -0.497802525785127
5.01555852202503 -0.499598733792561
5.01555852202503 -0.494505831850023
5.02144264516749 -0.492734313752451
5.02471415150545 -0.492734313752451
5.02304202977356 -0.492734313752451
5.02304202977356 -0.489460554428165
5.01869147850928 -0.490853439248983
5.01877066925193 -0.490853439248983
5.01877066925193 -0.490853439248983
5.01877066925193 -0.490853439248983
5.0148359422261 -0.490853439248983
5.01868981416925 -0.490853439248983
5.01868981416925 -0.490853439248983
5.01868981416925 -0.490853439248983
5.01926011440458 -0.490853439248983
5.02304599400617 -0.487937747109241
5.02967546022822 -0.486815276762553
5.02967546022822 -0.49079685647699
5.02774353951771 -0.49079685647699
5.02774353951771 -0.485905783774541
5.03239242129297 -0.485905783774541
5.02830257700248 -0.486416154008036
5.02830257700248 -0.486416154008036
5.02830257700248 -0.489510997335537
5.02592836546278 -0.489510997335537
5.02990641055417 -0.489510997335537
5.02990641055417 -0.492179074238392
5.02990641055417 -0.493244533103855
5.02990641055417 -0.493244533103855
5.02990641055417 -0.493244533103855
5.03679612457228 -0.487706189836162
5.03514987877056 -0.487706189836162
5.03611993221187 -0.489947471444372
5.0306094165721 -0.48913445069708
5.0306094165721 -0.48913445069708
5.0306094165721 -0.489914767428974
5.0306094165721 -0.489914767428974
5.0306094165721 -0.489328162303804
5.0306094165721 -0.489328162303804
5.0306094165721 -0.489328162303804
5.0306094165721 -0.492763293862131
5.02972541616527 -0.492763293862131
5.02916160641123 -0.492763293862131
5.02916160641123 -0.492888711805001
5.02916160641123 -0.492888711805001
5.02916160641123 -0.492888711805001
5.02916160641123 -0.492431641365639
5.02916160641123 -0.492431641365639
5.02925616563288 -0.492431641365639
5.02925616563288 -0.492431641365639
5.02925616563288 -0.490882677889165
5.02696998421251 -0.490882677889165
5.02910827848375 -0.490882677889165
5.02983101747605 -0.491085550249893
5.02983101747605 -0.491968524703569
5.02983101747605 -0.489092241381959
5.03420824767072 -0.488543049837653
5.03420824767072 -0.484375896932215
5.03420824767072 -0.484375896932215
5.03420824767072 -0.484375896932215
5.03931604200524 -0.487672556010475
5.03904957891495 -0.487672556010475
5.03904957891495 -0.487672556010475
5.03917397051739 -0.490263489111439
5.03627876262052 -0.490263489111439
5.03627876262052 -0.490263489111439
5.03627876262052 -0.490315760284597
5.03627876262052 -0.490315760284597
5.03627876262052 -0.490315760284597
5.03582816375724 -0.490315760284597
5.03307030904575 -0.490315760284597
5.02890685362544 -0.493720547394865
5.02518137296159 -0.493720547394865
5.02518137296159 -0.493720547394865
5.0219447802028 -0.498138812417036
5.02582260037114 -0.496799911595358
5.02353004135128 -0.496799911595358
5.02246964404643 -0.496799911595358
5.02246964404643 -0.49540897870316
5.02246964404643 -0.49540897870316
5.02246964404643 -0.49540897870316
5.02246964404643 -0.500772789332156
5.02492455259926 -0.500772789332156
5.02492455259926 -0.496373472971346
5.02214574399017 -0.496373472971346
5.02214574399017 -0.496373472971346
5.02074730034759 -0.496373472971346
5.02074730034759 -0.494763284593893
5.01514307636377 -0.493974565224402
5.01635402746718 -0.493262918856222
5.01635402746718 -0.493262918856222
5.01635402746718 -0.493262918856222
5.01141782878185 -0.49451364848185
5.00883857766067 -0.493842683522579
5.00883857766067 -0.493625705437538
5.00883857766067 -0.493625705437538
5.00883857766067 -0.493625705437538
5.00883857766067 -0.493625705437538
5.00883857766067 -0.493538449019613
5.00883857766067 -0.497772350355462
5.00883857766067 -0.495220755488321
5.00883857766067 -0.495254348243042
5.00574583375835 -0.495254348243042
5.01014956528058 -0.494808013575403
5.01014956528058 -0.494808013575403
5.01014956528058 -0.498611997881865
5.00298556321226 -0.498611997881865
5.00298556321226 -0.498611997881865
5.00491979140295 -0.49642568591334
5.0017820122793 -0.498491101256406
5.0017820122793 -0.498491101256406
5.0017820122793 -0.498491101256406
5.0017820122793 -0.498444565735112
5.0017820122793 -0.498444565735112
5.0017820122793 -0.498444565735112
5.00422389506891 -0.49722341456834
5.00422389506891 -0.501441512176277
5.00422389506891 -0.501441512176277
5.00422389506891 -0.501441512176277
5.00422389506891 -0.501441512176277
5.00683401503646 -0.501441512176277
5.00683401503646 -0.501441512176277
5.00643719192168 -0.501441512176277
5.00643719192168 -0.501441512176277
5.00526953844369 -0.501441512176277
5.00526953844369 -0.501441512176277
5.00526953844369 -0.501441512176277
5.00526953844369 -0.503930436109835
5.00526953844369 -0.504034332179181
5.00831561964051 -0.504034332179181
5.00831561964051 -0.497640841701412
5.01013071562069 -0.495929734395343
5.01013071562069 -0.489331765997987
5.01080745552339 -0.492565068573503
5.00585952095506 -0.48988878861207
5.00585952095506 -0.48988878861207
5.00856776814188 -0.48988878861207
5.00856776814188 -0.491642731040702
5.00856776814188 -0.488284700307254
5.01421548331614 -0.482761715336804
5.01421548331614 -0.481599151591854
5.01421548331614 -0.484385167768118
5.01521685433059 -0.488609841886125
5.01521685433059 -0.488609841886125
5.01521685433059 -0.491053831430743
5.01289004487821 -0.491053831430743
5.00825133391649 -0.491053831430743
5.01017669084131 -0.491053831430743
5.01017669084131 -0.48902340782186
5.01017669084131 -0.492497366087449
5.01017669084131 -0.492497366087449
5.01017669084131 -0.489479803944448
5.01017669084131 -0.489479803944448
5.01017669084131 -0.486969384814311
5.01017669084131 -0.486969384814311
5.01017669084131 -0.489176872116915
5.01554781051016 -0.489176872116915
5.01554781051016 -0.487442445484002
5.01554781051016 -0.492910495709099
5.01554781051016 -0.492910495709099
5.00865525180607 -0.492910495709099
5.00165328884714 -0.492910495709099
5.00277940965862 -0.492910495709099
5.0038280475754 -0.489295099258028
5.0038280475754 -0.490989588483437
5.0038280475754 -0.490989588483437
5.0038280475754 -0.490989588483437
5.00290623098866 -0.489986483430064
5.00290623098866 -0.489986483430064
5.00290623098866 -0.489986483430064
5.00290623098866 -0.498760335870415
4.99954154280767 -0.498307957533964
4.99954154280767 -0.497635570377725
4.99954154280767 -0.497635570377725
4.99668072718607 -0.501314481202395
4.99668072718607 -0.501314481202395
4.99668072718607 -0.501314481202395
4.99844244002467 -0.501314481202395
4.99754265366242 -0.502822436328091
4.99754265366242 -0.502822436328091
4.99409454383166 -0.50336974315919
4.99409454383166 -0.50336974315919
4.9942120450212 -0.501187344293371
4.99713746691924 -0.501187344293371
5.00421735596902 -0.501187344293371
5.00435544222424 -0.501187344293371
5.00435544222424 -0.501622070611735
5.00435544222424 -0.499774685503774
5.00435544222424 -0.499774685503774
5.00189460365817 -0.503382221864145
5.00189460365817 -0.503470572709866
5.00173593903281 -0.503470572709866
5.00394976572715 -0.501471385753847
5.00394976572715 -0.500645713659223
5.00676396552192 -0.499800740209783
5.00676396552192 -0.500475286904047
5.00676396552192 -0.500475286904047
5.00676396552192 -0.500475286904047
5.00495417192517 -0.500475286904047
5.00740446635668 -0.500475286904047
5.0072584478048 -0.500475286904047
5.0092002163193 -0.500475286904047
5.0092002163193 -0.496905580223601
5.0092002163193 -0.496905580223601
5.0092002163193 -0.496905580223601
5.0092002163193 -0.496905580223601
5.00519826399407 -0.496143729836996
5.00519826399407 -0.495964011168422
5.00585030279776 -0.49605201694874
5.00585030279776 -0.49605201694874
5.00443103784685 -0.495459644894208
5.00311135319747 -0.493987456043234
5.00342378012109 -0.50041483038579
5.00342378012109 -0.50041483038579
4.99802293096457 -0.50041483038579
4.99802293096457 -0.50041483038579
4.99802293096457 -0.499711757519121
4.99802293096457 -0.502201852024694
5.0023442939355 -0.506229969256327
5.00190146037141 -0.506229969256327
5.00655716100558 -0.505988592733751
5.00655716100558 -0.505988592733751
5.00655716100558 -0.504060815192489
5.00730550396241 -0.504060815192489
5.00444507363163 -0.504060815192489
5.00444507363163 -0.503978002832959
5.01116851111304 -0.503978002832959
5.01116851111304 -0.503978002832959
5.01403095662456 -0.504376828978661
5.01403095662456 -0.504376828978661
5.01403095662456 -0.500709895482491
5.01403095662456 -0.500709895482491
5.01403095662456 -0.495802931625162
5.01403095662456 -0.495802931625162
5.01403095662456 -0.495802931625162
5.01349245124969 -0.495802931625162
5.01349245124969 -0.495802931625162
5.01349245124969 -0.49826290903141
5.02472184468304 -0.501400702650093
5.02472184468304 -0.501400702650093
5.02472184468304 -0.501400702650093
5.02472184468304 -0.501400702650093
5.02472184468304 -0.501400702650093
5.02119802093314 -0.501400702650093
5.02119802093314 -0.501400702650093
5.02416784102496 -0.501400702650093
5.027252723443 -0.501400702650093
5.02269346302144 -0.501400702650093
5.02269346302144 -0.499657658862857
5.02269346302144 -0.504825501398311
5.02754145204925 -0.504825501398311
5.02737580479983 -0.504346541674083
5.02737580479983 -0.503227158908382
5.02737580479983 -0.503227158908382
5.02737580479983 -0.499386868495697
5.02737580479983 -0.499386868495697
5.03451186431759 -0.498098569228359
5.03451186431759 -0.498098569228359
5.03451186431759 -0.498098569228359
5.03451186431759 -0.498098569228359
5.03362826586734 -0.498098569228359
5.03362826586734 -0.494150114314433
5.03594224970282 -0.491330363280837
5.03594224970282 -0.491330363280837
5.03594224970282 -0.492392764044591
5.02800419998791 -0.492392764044591
5.02669434954686 -0.495348840637156
5.02669434954686 -0.49262221214143
5.03378752846596 -0.493922758671881
5.0222346185279 -0.493922758671881
5.02429189383486 -0.493603890376106
5.02429189383486 -0.493603890376106
5.02429189383486 -0.493603890376106
5.02429189383486 -0.493603890376106
5.02226569720381 -0.493603890376106
5.02234155221439 -0.494358779991273
5.02234155221439 -0.494358779991273
5.02234155221439 -0.490458564935184
5.02234155221439 -0.487693174112909
5.02492804637785 -0.487521170590844
5.02705954084708 -0.487521170590844
5.02705954084708 -0.487521170590844
5.02705954084708 -0.489709232233306
5.02616210378605 -0.489709232233306
5.02431249928972 -0.489709232233306
5.02520414516083 -0.489709232233306
5.02520414516083 -0.488706466118255
5.02312995130952 -0.491498214934515
5.02312995130952 -0.493905079358132
5.02304827589753 -0.493905079358132
5.0200494964565 -0.493905079358132
5.0200494964565 -0.493905079358132
5.0200494964565 -0.493905079358132
5.0200494964565 -0.493905079358132
5.0200494964565 -0.493905079358132
5.0200494964565 -0.499047120924913
5.0200494964565 -0.493357766926832
5.0200494964565 -0.493357766926832
5.02403547340099 -0.493357766926832
5.02403547340099 -0.493357766926832
5.02403547340099 -0.493357766926832
5.02461453669907 -0.493357766926832
5.02538259190494 -0.493357766926832
5.02210946635856 -0.493357766926832
5.02210946635856 -0.493357766926832
5.02112664934089 -0.493357766926832
5.03196893547739 -0.493257525706214
5.02718417411331 -0.493257525706214
5.03126050286126 -0.493257525706214
5.03126050286126 -0.495390654211091
5.03126050286126 -0.49467819150105
5.02903926398191 -0.490957784010677
5.02903926398191 -0.491048602426818
5.02903926398191 -0.491048602426818
5.03036301279493 -0.491048602426818
5.03036301279493 -0.493705510828434
5.03036301279493 -0.487154350492093
5.03395800079497 -0.487154350492093
5.0332991776541 -0.487154350492093
5.03738321735295 -0.487154350492093
5.03738321735295 -0.479778376949454
5.03738321735295 -0.48232505580628
5.03948659105856 -0.486722064300676
5.03958158403076 -0.489670697693412
5.03697853929383 -0.489670697693412
5.03697853929383 -0.489655689598496
5.03697853929383 -0.489655689598496
5.03697853929383 -0.485808256155232
5.03697853929383 -0.485808256155232
5.03697853929383 -0.485808256155232
5.03483692027855 -0.488369365086956
5.03483692027855 -0.484312717857889
5.03682364973776 -0.478769001231708
5.04276547496503 -0.481844439579019
5.04276547496503 -0.484673164852821
5.04276547496503 -0.482210750389697
5.03721236297231 -0.482210750389697
5.03721236297231 -0.482210750389697
5.03721236297231 -0.482210750389697
5.03721236297231 -0.482210750389697
5.03721236297231 -0.482210750389697
5.03814325979146 -0.48210402003736
5.04610858206548 -0.48210402003736
5.04721044355345 -0.48210402003736
5.05097427573529 -0.48210402003736
5.03928469394707 -0.48571684277967
5.04183973170132 -0.484061795552139
5.04183973170132 -0.484061795552139
5.03878098918325 -0.479351044771215
5.03878098918325 -0.482583793369754
5.04201381015653 -0.481978119280637
5.03478841386607 -0.481978119280637
5.03478841386607 -0.48957288931941
5.03478841386607 -0.48957288931941
5.02951956424923 -0.48957288931941
5.02951956424923 -0.491087622062772
5.02951956424923 -0.484920417934335
5.02614984013097 -0.484303454274495
5.02614984013097 -0.484303454274495
5.02391540639838 -0.487344164680284
5.03008280647813 -0.487344164680284
5.02695527324016 -0.487344164680284
5.02695527324016 -0.487344164680284
5.02695527324016 -0.487344164680284
5.02219336225614 -0.489644958577327
5.02698618973335 -0.489644958577327
5.02698618973335 -0.489644958577327
5.02698618973335 -0.489644958577327
5.02698618973335 -0.489644958577327
5.02698618973335 -0.492135718977081
5.02698618973335 -0.491269101696139
5.02698618973335 -0.495735980047902
5.02698618973335 -0.499340156694072
5.02698618973335 -0.499340156694072
5.02698618973335 -0.499340156694072
5.02698618973335 -0.498870647441941
5.02343137126334 -0.498870647441941
5.02343137126334 -0.505771256678174
5.02473869175708 -0.505771256678174
5.03334873258573 -0.505771256678174
5.03334873258573 -0.50425853462139
5.03334873258573 -0.50425853462139
5.03334873258573 -0.50425853462139
5.03756588537171 -0.50425853462139
5.03407904359077 -0.501972387275065
5.03407904359077 -0.501972387275065
5.02755459015898 -0.506173604133289
5.02434847180025 -0.500763686087634
5.02434847180025 -0.500763686087634
5.02434847180025 -0.500763686087634
5.02434847180025 -0.496551368880472
5.02434847180025 -0.496551368880472
5.02434847180025 -0.496551368880472
5.02041011194362 -0.496551368880472
5.02041011194362 -0.496551368880472
5.01883389214989 -0.496595890103161
5.02278344632232 -0.494244646602453
5.01948883980465 -0.494244646602453
5.01948883980465 -0.495534389909769
5.01719137248509 -0.493858748998935
5.02661509388295 -0.493858748998935
5.02661509388295 -0.493858748998935
5.03043337075311 -0.493858748998935
5.02615428875215 -0.493858748998935
5.02615428875215 -0.498047647243248
5.02615428875215 -0.498424307167327
5.01681077956456 -0.498424307167327
5.0149003190108 -0.496086962498777
5.0149003190108 -0.496106121438976
5.01483439703331 -0.496106121438976
5.01868014315324 -0.496106121438976
5.01714529607289 -0.496106121438976
5.01727674688561 -0.504892241160696
5.01727674688561 -0.49951908596983
5.0236117157818 -0.50730633843348
5.0214050161987 -0.50730633843348
5.0214050161987 -0.502800912007275
5.02204452663298 -0.503747192369781
5.02204452663298 -0.501878606939161
5.02204452663298 -0.501878606939161
5.02519391729975 -0.501878606939161
5.02519391729975 -0.501878606939161
5.02519391729975 -0.501878606939161
5.02519391729975 -0.504879144593158
5.02519391729975 -0.506077120058857
5.02247139035932 -0.506077120058857
5.02377990531926 -0.505742460614712
5.02266432261856 -0.505742460614712
5.012070617464 -0.508318989206688
5.00851369856114 -0.505499001147008
5.00851369856114 -0.505499001147008
5.00674609749339 -0.505499001147008
5.00867067241941 -0.509494301058642
5.01108817026472 -0.509587862601638
5.01108817026472 -0.506635981740404
5.01175140334019 -0.506635981740404
5.01175140334019 -0.509759646446598
5.01175140334019 -0.509759646446598
5.01175140334019 -0.509759646446598
5.01449281730754 -0.506703144687564
5.016393759532 -0.507304274390522
5.016393759532 -0.507304274390522
5.016393759532 -0.506032487868617
5.016393759532 -0.504957459719693
5.01561711515703 -0.505868697921872
5.01373016791207 -0.505868697921872
5.01373016791207 -0.505868697921872
5.01373016791207 -0.505868697921872
5.01373016791207 -0.50692709066568
5.01373016791207 -0.509428294164335
5.01351719522779 -0.509428294164335
5.01351719522779 -0.509428294164335
5.01215210927171 -0.509428294164335
5.01252836444661 -0.506280823793158
5.0105790157972 -0.506280823793158
5.0105790157972 -0.506280823793158
5.0105790157972 -0.506280823793158
5.00738072440713 -0.506280823793158
5.01359791313805 -0.502469386008489
5.01359791313805 -0.502469386008489
5.01366723838064 -0.50253969199047
5.01366723838064 -0.50253969199047
5.01110152116703 -0.50253969199047
5.01110152116703 -0.500612847554767
5.01110152116703 -0.503547432541597
5.01067001679856 -0.504541877527534
5.01157117000933 -0.503025323765431
5.01505245004546 -0.503025323765431
5.01505245004546 -0.503025323765431
5.01168603523732 -0.503025323765431
5.01168603523732 -0.503025323765431
5.010342689929 -0.503025323765431
5.010342689929 -0.503739301214463
5.010342689929 -0.500508414168872
5.01319672996119 -0.502991737338401
5.01319672996119 -0.505090686319033
5.02203956411266 -0.507536787852286
5.02203956411266 -0.501948377500657
5.02203956411266 -0.499402319374028
5.02203956411266 -0.499402319374028
5.02203956411266 -0.497407830908974
5.02131669293137 -0.495261470082742
5.02131669293137 -0.497889615916277
5.02131669293137 -0.498506897489302
5.02131669293137 -0.498506897489302
5.02131669293137 -0.498506897489302
5.02036067574425 -0.498506897489302
5.02036067574425 -0.498494344727398
5.02036067574425 -0.498494344727398
5.02036067574425 -0.501050864025368
5.02120918429733 -0.501050864025368
5.02241839282206 -0.501050864025368
5.02241839282206 -0.500037125243298
5.02241839282206 -0.500037125243298
5.02241839282206 -0.500037125243298
5.02241839282206 -0.500037125243298
5.02241839282206 -0.500037125243298
5.02258193053259 -0.500037125243298
5.02258193053259 -0.49971857979963
5.02285190910132 -0.499738759882856
5.02285190910132 -0.499738759882856
5.02285190910132 -0.495649134247986
5.02298347748349 -0.496813313452296
5.02298347748349 -0.496813313452296
5.02298347748349 -0.495610184649757
5.02635780385219 -0.495610184649757
5.02410165641985 -0.500176093230549
5.03069404887412 -0.499394175633518
5.03069404887412 -0.495735979986265
5.03069404887412 -0.495735979986265
5.03069404887412 -0.495735979986265
5.02936178800318 -0.495735979986265
5.02936178800318 -0.49527012990581
5.03393784712509 -0.49143295022289
5.03393784712509 -0.49143295022289
5.03393784712509 -0.495077753753588
5.03393784712509 -0.495077753753588
5.03393784712509 -0.493778003728027
5.03393784712509 -0.493778003728027
5.03393784712509 -0.493778003728027
5.03603498714471 -0.493778003728027
5.03088788243293 -0.493778003728027
5.03088788243293 -0.494649495957945
5.03088788243293 -0.494649495957945
5.02919841329949 -0.497285229739074
5.02919841329949 -0.497285229739074
5.02919841329949 -0.493861710860756
5.03930464474361 -0.493861710860756
5.0374888494323 -0.493861710860756
5.03749644047363 -0.493861710860756
5.033977212752 -0.491638043649718
5.033977212752 -0.491638043649718
5.033977212752 -0.490247544874601
5.033977212752 -0.490247544874601
5.033977212752 -0.490247544874601
5.033977212752 -0.491622654448803
5.03273746411785 -0.493714168088063
5.03205003334415 -0.493714168088063
5.03205003334415 -0.493714168088063
5.03373499575373 -0.493714168088063
5.03373499575373 -0.490390449939515
5.03373499575373 -0.490390449939515
5.03373499575373 -0.488428437151807
5.03373499575373 -0.492717450672205
5.03141963363908 -0.492717450672205
5.03141963363908 -0.492717450672205
5.03141963363908 -0.492717450672205
5.04090100549483 -0.492213612008186
5.04090100549483 -0.492213612008186
5.04090100549483 -0.492213612008186
5.04090100549483 -0.492213612008186
5.04090100549483 -0.492213612008186
5.0397209117879 -0.492213612008186
5.0397209117879 -0.492213612008186
5.04641562943395 -0.492213612008186
5.04641562943395 -0.492213612008186
5.04641562943395 -0.492213612008186
5.04366242441182 -0.492213612008186
5.04366242441182 -0.492213612008186
5.04273254438607 -0.489853372801421
5.04227328787555 -0.494893086504737
5.04227328787555 -0.494893086504737
5.04370969794428 -0.492495852829006
5.04838067535022 -0.492495852829006
5.04838067535022 -0.492495852829006
5.04641143284538 -0.492495852829006
5.04641143284538 -0.492495852829006
5.0559766740325 -0.494939247644799
5.05404185552421 -0.489851019913435
5.05865926826585 -0.489851019913435
5.05865926826585 -0.490407562097878
5.06159076847295 -0.490407562097878
5.06159076847295 -0.490407562097878
5.06246437296106 -0.490407562097878
5.06246437296106 -0.488559752596808
5.06516957716655 -0.488559752596808
5.07159884142474 -0.488559752596808
5.0645680492726 -0.493595095665103
5.0645680492726 -0.488502076298244
5.0645680492726 -0.493692992028762
5.0645680492726 -0.493692992028762
5.06340589516046 -0.493692992028762
5.06340589516046 -0.488511865836089
5.06340589516046 -0.489757162443214
5.06742394543133 -0.49372826217279
5.06772337948778 -0.49372826217279
5.06121600071991 -0.49372826217279
5.06528530823054 -0.49686725343487
5.06322599314217 -0.49686725343487
5.06322599314217 -0.492234485767534
5.06322599314217 -0.496253443075812
5.05608069298946 -0.497150124849404
5.0508464133513 -0.495476592487476
5.0508464133513 -0.495476592487476
5.0508464133513 -0.492914786036311
5.05470631795623 -0.492914786036311
5.0523260981072 -0.492914786036311
5.05151617458857 -0.48794298156111
5.05151617458857 -0.487760038563081
5.05151617458857 -0.487760038563081
5.05151617458857 -0.489974891502263
5.05151617458857 -0.489974891502263
5.05151617458857 -0.489974891502263
5.05151617458857 -0.489974891502263
5.05151617458857 -0.489974891502263
5.05151617458857 -0.493185452511906
5.0466740109659 -0.493185452511906
5.04644845993544 -0.493185452511906
5.04981719571933 -0.493185452511906
5.04981719571933 -0.493185452511906
5.04561702425302 -0.493185452511906
5.04561702425302 -0.493185452511906
5.04561702425302 -0.493045827884535
5.04561702425302 -0.493045827884535
5.04561702425302 -0.493045827884535
5.04561702425302 -0.491731783713082
5.03998173674239 -0.491731783713082
5.03998173674239 -0.491731783713082
5.03998173674239 -0.491731783713082
5.03998173674239 -0.493990939961121
5.05022177826018 -0.493990939961121
5.045044294428 -0.493990939961121
5.04338756342849 -0.493990939961121
5.04089746220818 -0.498636826111802
5.04089746220818 -0.500136034455963
5.03957021726238 -0.500136034455963
5.04449093878006 -0.500136034455963
5.04449093878006 -0.500136034455963
5.04059575355898 -0.500136034455963
5.04298809955506 -0.500136034455963
5.02886198046714 -0.501318944726745
5.02886198046714 -0.501318944726745
5.02661772952786 -0.501318944726745
5.02661772952786 -0.495302812103437
5.02661772952786 -0.495302812103437
5.02083858542077 -0.495302812103437
5.020911631007 -0.495302812103437
5.02005633268468 -0.496901974744487
5.02005633268468 -0.49559989004683
5.02005633268468 -0.50022211060285
5.02005633268468 -0.496157183906433
5.02005633268468 -0.497799130083543
5.02005633268468 -0.497799130083543
5.02005633268468 -0.499891782567898
5.01347107750425 -0.499891782567898
5.01347107750425 -0.498285693117734
5.01347107750425 -0.498285693117734
5.01671394110417 -0.498285693117734
5.01246322417583 -0.498285693117734
5.01246322417583 -0.498321999130574
5.01246322417583 -0.498470384252938
5.01148567158268 -0.500622776488312
5.01201379704997 -0.500670493394858
5.01201379704997 -0.496542003058704
5.01201379704997 -0.4923501020141
5.01201379704997 -0.4923501020141
5.01241176795915 -0.493110743927821
5.01241176795915 -0.494101976627016
5.00792593763219 -0.494705703625181
5.01113674303696 -0.494272132002781
5.00894151456257 -0.49681415537875
5.00894151456257 -0.49681415537875
5.00894151456257 -0.49988828347902
5.00894151456257 -0.498602889829126
5.00894151456257 -0.496817061659301
5.01222955594713 -0.496817061659301
5.01222955594713 -0.494157192365876
5.01222955594713 -0.496199672561976
5.01347947457686 -0.496199672561976
5.01347947457686 -0.496199672561976
5.01347947457686 -0.496199672561976
5.00272362340268 -0.497905037238117
5.00595894605713 -0.498847359191509
5.00595894605713 -0.500389893540269
5.00595894605713 -0.501814681568651
5.00595894605713 -0.500603400450945
5.01191276191242 -0.498921819870572
5.01191276191242 -0.498921819870572
5.01191276191242 -0.498921819870572
5.01191276191242 -0.498921819870572
5.01191276191242 -0.498726190977186
5.01648797176033 -0.494982427375162
5.01648797176033 -0.497334390123415
5.01648797176033 -0.497334390123415
5.01648797176033 -0.489912678025105
5.01648797176033 -0.489912678025105
5.01648797176033 -0.489912678025105
5.01648797176033 -0.495800301834507
5.01648797176033 -0.495800301834507
5.01648797176033 -0.495457605202842
5.01648797176033 -0.49092483721982
5.01535388331309 -0.490081414487451
5.01535388331309 -0.490081414487451
5.01535388331309 -0.490081414487451
5.01535388331309 -0.490081414487451
5.01535388331309 -0.490081414487451
5.01535388331309 -0.490081414487451
5.01535388331309 -0.490081414487451
5.01535388331309 -0.490081414487451
5.01059674387083 -0.496372351697986
5.01059674387083 -0.492010818846348
5.01059674387083 -0.492010818846348
5.01059674387083 -0.492010818846348
5.01059674387083 -0.492010818846348
5.01059674387083 -0.492010818846348
5.01059674387083 -0.492010818846348
5.0041896489046 -0.491886249484716
5.0041896489046 -0.491886249484716
5.0041896489046 -0.491886249484716
5.0041896489046 -0.488189393562385
5.0041896489046 -0.488189393562385
5.0041896489046 -0.488189393562385
5.00560181021002 -0.494494883810006
5.00560181021002 -0.494494883810006
5.00560181021002 -0.490805070254401
5.00560181021002 -0.484285117763906
5.00343544891816 -0.483870838649566
5.00343544891816 -0.483870838649566
5.00343544891816 -0.483870838649566
5.00343544891816 -0.483870838649566
4.99777766716286 -0.483870838649566
4.99777766716286 -0.483870838649566
4.99859524445716 -0.483870838649566
5.00062944143761 -0.483870838649566
5.00062944143761 -0.483788509025528
5.00062944143761 -0.483788509025528
4.99467212582348 -0.485253649440435
4.99467212582348 -0.485253649440435
4.99467212582348 -0.485472023324486
4.99467212582348 -0.485472023324486
4.99467212582348 -0.485472023324486
4.99467212582348 -0.479692636689306
4.99467212582348 -0.479692636689306
4.99486518376582 -0.479692636689306
4.99486518376582 -0.4811235404035
4.99486518376582 -0.478644423418239
4.99486518376582 -0.476464849805125
4.99178146983223 -0.476464849805125
4.99178146983223 -0.476464849805125
4.99178146983223 -0.487335103014458
4.99178146983223 -0.480079145736538
4.99178146983223 -0.480079145736538
4.99178146983223 -0.478207012538326
4.99178146983223 -0.477414284023095
4.99178146983223 -0.477414284023095
4.99178146983223 -0.47595401923906
4.99178146983223 -0.47595401923906
4.99178146983223 -0.47595401923906
4.99178146983223 -0.47595401923906
4.99178146983223 -0.477470642640115
4.99178146983223 -0.477470642640115
4.9896254092766 -0.477470642640115
4.9896254092766 -0.477470642640115
4.9896254092766 -0.47872090032392
4.99569440054507 -0.47872090032392
4.99404021420122 -0.47872090032392
4.99404021420122 -0.47872090032392
4.99404021420122 -0.483794751930038
4.99404021420122 -0.483794751930038
4.99404021420122 -0.483794751930038
4.99404021420122 -0.483794751930038
5.00174985803232 -0.483794751930038
4.99796216249468 -0.485811893788305
4.99796216249468 -0.485811893788305
4.99796216249468 -0.486507568265858
4.99796216249468 -0.486507568265858
4.99971070675319 -0.487133812888389
4.99971070675319 -0.484007655581418
4.99971070675319 -0.484007655581418
4.99971070675319 -0.484007655581418
4.99971070675319 -0.485381981561248
4.99971070675319 -0.485288320784516
5.00392004265091 -0.480755132379906
5.01077127350222 -0.479218444308782
5.01077127350222 -0.478945002925013
5.01077127350222 -0.478945002925013
5.01077127350222 -0.482073315911388
5.01077127350222 -0.480587320082428
5.00661804237449 -0.483917948586928
5.01611709479477 -0.479390850370751
5.01732988346518 -0.479390850370751
5.00774031078346 -0.482944577082411
5.00774031078346 -0.482944577082411
5.01283393514585 -0.482944577082411
5.01283393514585 -0.479146814449499
5.01283393514585 -0.479146814449499
5.01283393514585 -0.484142951696906
5.01283393514585 -0.484142951696906
5.00657024351889 -0.484142951696906
5.00657024351889 -0.484142951696906
5.00901512859615 -0.484142951696906
5.0063187440819 -0.474954162489239
5.0063187440819 -0.484856915347787
5.0063187440819 -0.481787967016469
5.01062947063937 -0.481787967016469
5.01161511163271 -0.481787967016469
5.01161511163271 -0.481787967016469
5.01161511163271 -0.482205320644036
5.01161511163271 -0.482205320644036
5.00890187826207 -0.482205320644036
5.00890187826207 -0.482205320644036
5.00890187826207 -0.484011530010648
5.00890187826207 -0.484011530010648
5.00890187826207 -0.484011530010648
5.01159944922166 -0.484000035609077
5.0063519253286 -0.484000035609077
5.01056151992132 -0.484000035609077
5.01056151992132 -0.484000035609077
5.01056151992132 -0.484000035609077
5.01056151992132 -0.484000035609077
5.01056151992132 -0.484423062765171
5.01056151992132 -0.484971559100608
5.00432174336518 -0.486160571153112
5.00432174336518 -0.488286635753743
5.00004543820352 -0.488286635753743
5.00004543820352 -0.487124793575013
5.00004543820352 -0.49027658534165
5.00004543820352 -0.49027658534165
5.00004543820352 -0.49027658534165
5.00004543820352 -0.49027658534165
5.00004543820352 -0.488293593975169
5.00004543820352 -0.488293593975169
5.00004543820352 -0.488293593975169
5.00004543820352 -0.494420960986115
4.99550137038816 -0.498323613797274
4.99425304413552 -0.494703234664343
4.99425304413552 -0.491178783401518
4.99425304413552 -0.493474266592512
4.99423887578957 -0.491015835450809
4.99423887578957 -0.491015835450809
4.98964162947189 -0.497027211848639
4.99552141991756 -0.497027211848639
4.99552141991756 -0.497027211848639
4.99180502403066 -0.497027211848639
4.99190979113985 -0.497027211848639
4.9812703028786 -0.499370676140967
4.9812703028786 -0.497635035748931
4.9812703028786 -0.497635035748931
4.9812703028786 -0.497635035748931
4.9812703028786 -0.497635035748931
4.97742127131187 -0.499466447815398
4.97742127131187 -0.499466447815398
4.97879914451272 -0.50195532256689
4.97879914451272 -0.50195532256689
4.97879914451272 -0.50195532256689
4.97879914451272 -0.496172190377419
4.97879914451272 -0.497647106634557
4.97879914451272 -0.497647106634557
4.97523066410292 -0.497647106634557
4.97523066410292 -0.497647106634557
4.97371678895043 -0.497647106634557
4.97371678895043 -0.499052981320768
4.97371678895043 -0.499052981320768
4.97371678895043 -0.497528335541519
4.98076139108353 -0.497528335541519
4.98076139108353 -0.496803027049427
4.98856263785979 -0.496803027049427
4.98856263785979 -0.494293809899932
4.98184871698189 -0.494293809899932
4.98152140816488 -0.494293809899932
4.98152140816488 -0.49473682586451
4.98152140816488 -0.49473682586451
4.98152140816488 -0.49473682586451
4.97405647592335 -0.500362945341211
4.97457575939662 -0.508388396777717
4.97457575939662 -0.505122016103561
4.97457575939662 -0.505122016103561
4.97457575939662 -0.505122016103561
4.973314668207 -0.505122016103561
4.97782119107212 -0.505122016103561
4.97782119107212 -0.505122016103561
4.97782119107212 -0.506128969219294
4.97782119107212 -0.506128969219294
4.97248409341447 -0.506128969219294
4.97741872974593 -0.506128969219294
4.97741872974593 -0.506091309692952
4.97741872974593 -0.506091309692952
4.97741872974593 -0.504953225651528
4.97741872974593 -0.507537474693577
4.97741872974593 -0.507537474693577
4.97242577324922 -0.506309066966529
4.97242577324922 -0.506309066966529
4.97242577324922 -0.506309066966529
4.97242577324922 -0.506309066966529
4.97242577324922 -0.497574736384815
4.97667695901482 -0.497574736384815
4.97667695901482 -0.497574736384815
4.97564151254568 -0.498548466960839
4.97564151254568 -0.49639204163888
4.97329568118817 -0.500485600261634
4.97329568118817 -0.500485600261634
4.97329568118817 -0.500485600261634
4.97176229178443 -0.500485600261634
4.97176229178443 -0.500485600261634
4.97176229178443 -0.500485600261634
4.96605981106684 -0.50195032136101
4.96588963932922 -0.50195032136101
4.97170824915177 -0.50195032136101
4.97170824915177 -0.50185964772823
4.97106210466163 -0.496316439229209
4.96022077350011 -0.496741692317356
4.96022077350011 -0.496741692317356
4.96567215981194 -0.500056406210066
4.96675606623122 -0.502615220251135
4.96194851047715 -0.502615220251135
4.96194851047715 -0.499464566027697
4.96194851047715 -0.499464566027697
4.96518459353737 -0.499464566027697
4.96518459353737 -0.499464566027697
4.96518459353737 -0.493602867091498
4.96627573044779 -0.493564895496555
4.96627573044779 -0.493564895496555
4.95945309185373 -0.493564895496555
4.95945309185373 -0.498420862517462
4.95612048736952 -0.496432203374455
4.95612048736952 -0.496432203374455
4.96599215042483 -0.498095420706422
4.96352941169904 -0.497973201759677
4.96352941169904 -0.500541611399665
4.96352941169904 -0.500541611399665
4.96352941169904 -0.49528130187919
4.96352941169904 -0.49528130187919
4.96352941169904 -0.492584650389368
4.96618930641573 -0.492584650389368
4.96618930641573 -0.492584650389368
4.96618930641573 -0.493732131517234
4.96618930641573 -0.493732131517234
4.96618930641573 -0.491498145158776
4.96618930641573 -0.489270073560792
4.96618930641573 -0.489270073560792
4.96618930641573 -0.489270073560792
4.96618930641573 -0.496906404986544
4.96801349590208 -0.496906404986544
4.96801349590208 -0.496906404986544
4.95973956174691 -0.496906404986544
4.95973956174691 -0.496906404986544
4.95973956174691 -0.496906404986544
4.96114370359689 -0.492862179400993
4.96114370359689 -0.492862179400993
4.96114370359689 -0.492862179400993
4.96114370359689 -0.492862179400993
4.95764930188135 -0.492862179400993
4.95764930188135 -0.492862179400993
4.95764930188135 -0.492440012797136
4.96057507625374 -0.492440012797136
4.95906914433849 -0.496385640921068
4.95906914433849 -0.491435129761294
4.95926918207509 -0.491435129761294
4.95926918207509 -0.491435129761294
4.96105919221042 -0.491435129761294
4.95390657497229 -0.492299065310854
4.95597769880548 -0.492299065310854
4.95597769880548 -0.492299065310854
4.97009844178192 -0.492299065310854
4.97009844178192 -0.492299065310854
4.97009844178192 -0.49214068868357
4.96655766929331 -0.485632129849332
4.97558262134048 -0.486242091621594
4.97558262134048 -0.491692572933937
4.97647555832798 -0.484396875916273
4.97605498372358 -0.483553042379809
4.97596245576326 -0.483215421531976
4.97596245576326 -0.483215421531976
4.97766528904663 -0.483215421531976
4.97766528904663 -0.485120579127093
4.97766528904663 -0.485120579127093
4.97225360065685 -0.483943930623287
4.97445988951688 -0.483943930623287
4.97445988951688 -0.484554261148564
4.97168606650449 -0.486187422400875
4.9732890744136 -0.486187422400875
4.97568098388993 -0.484365099585205
4.97568098388993 -0.484365099585205
4.97416481723232 -0.485741283610298
4.97277781382968 -0.485741283610298
4.96778047267435 -0.485741283610298
4.96778047267435 -0.489924304037479
4.96414854641657 -0.489924304037479
4.96414854641657 -0.489924304037479
4.96373672198133 -0.489924304037479
4.95997743821651 -0.488855378356074
4.95997743821651 -0.487812049365913
4.95997743821651 -0.489084345930016
4.96428394240608 -0.489084345930016
4.96428394240608 -0.490231935068361
4.96428394240608 -0.490231935068361
4.96428394240608 -0.490231935068361
4.96428394240608 -0.493341138788049
4.96428394240608 -0.489246423941106
4.96428394240608 -0.489246423941106
4.9645736331549 -0.489246423941106
4.95550250347554 -0.489246423941106
4.96646796892503 -0.4895422449489
4.96646796892503 -0.4895422449489
4.96646796892503 -0.4895422449489
