5.06052308356166 -0.445757127277085
5.06672019538842 -0.445730353632136
5.06672019538842 -0.445730353632136
5.06672019538842 -0.445730353632136
5.06672019538842 -0.445730353632136
5.07629317481873 -0.428230502246676
5.07570178809083 -0.424014106446093
5.07570178809083 -0.410731151063184
5.07570178809083 -0.410731151063184
5.07782688790029 -0.412934933530308
5.07782688790029 -0.418306709121751
5.07782688790029 -0.418306709121751
5.07947904232944 -0.407908999092151
5.07947904232944 -0.412505393530798
5.08481837702708 -0.403359602908099
5.086492538141 -0.403359602908099
5.08685495708384 -0.403359602908099
5.08685495708384 -0.403359602908099
5.08685495708384 -0.403359602908099
5.08685495708384 -0.403359602908099
5.08685495708384 -0.403359602908099
5.08685495708384 -0.412028458319615
5.09161428643138 -0.412028458319615
5.09161428643138 -0.417988577947607
5.08035851352066 -0.417988577947607
5.0857817879136 -0.417988577947607
5.08755078730446 -0.417988577947607
5.09645960489832 -0.418170497214716
5.09188655045476 -0.423322385337815
5.0931555426609 -0.423322385337815
5.0931555426609 -0.423322385337815
5.0931555426609 -0.423322385337815
5.0931555426609 -0.423322385337815
5.09720376663947 -0.423322385337815
5.09799863557841 -0.43335736365776
5.08653981139275 -0.43042649849077
5.08653981139275 -0.416260111988171
5.08653981139275 -0.416260111988171
5.08653981139275 -0.416260111988171
5.08653981139275 -0.416260111988171
5.08653981139275 -0.416260111988171
5.08653981139275 -0.416260111988171
5.08653981139275 -0.416260111988171
5.08653981139275 -0.416260111988171
5.08653981139275 -0.401524753896346
5.10421480999498 -0.401524753896346
5.08467183575677 -0.401524753896346
5.08467183575677 -0.401524753896346
5.08467183575677 -0.410002859318519
5.08467183575677 -0.410002859318519
5.08467183575677 -0.411158587270738
5.07029218124768 -0.411158587270738
5.08564452202128 -0.397965921396878
5.08564452202128 -0.41150195602715
5.08564452202128 -0.41150195602715
5.0704753510304 -0.424040089541213
5.07069801601639 -0.424040089541213
5.0755961026623 -0.411785591317041
5.0755961026623 -0.411785591317041
5.08876136353296 -0.411785591317041
5.08624076776546 -0.419898768611638
5.10090662797714 -0.422749297992919
5.09439992878035 -0.418871094489122
5.0994592173148 -0.418871094489122
5.0994592173148 -0.418871094489122
5.092018767316 -0.418871094489122
5.09177439045088 -0.418871094489122
5.09177439045088 -0.418871094489122
5.08644810315715 -0.418871094489122
5.08494281554975 -0.418871094489122
5.07944432406276 -0.418871094489122
5.07944432406276 -0.418871094489122
5.07944432406276 -0.418871094489122
5.07944432406276 -0.415481371191241
5.07944432406276 -0.398686112514296
5.07944432406276 -0.398860629784917
5.07944432406276 -0.40138094006557
5.07944432406276 -0.394781352866293
5.08431982020991 -0.394781352866293
5.08431982020991 -0.394781352866293
5.08431982020991 -0.394781352866293
5.08431982020991 -0.394781352866293
5.08431982020991 -0.394781352866293
5.08431982020991 -0.394781352866293
5.08431982020991 -0.39746952855981
5.08431982020991 -0.39746952855981
5.08431982020991 -0.39746952855981
5.08431982020991 -0.387382488173599
5.08431982020991 -0.386728398270002
5.08431982020991 -0.384542846763384
5.07827749736453 -0.384542846763384
5.08744332018375 -0.395061076361055
5.08744332018375 -0.396940556494995
5.08806164123962 -0.396940556494995
5.0742048738188 -0.396940556494995
5.07365208917659 -0.407403082985506
5.07365208917659 -0.407403082985506
5.07365208917659 -0.407403082985506
5.0717175463211 -0.407403082985506
5.0717175463211 -0.407403082985506
5.0717175463211 -0.399496549956095
5.0717175463211 -0.399496549956095
5.07651381533596 -0.399496549956095
5.07651381533596 -0.399496549956095
5.07651381533596 -0.398702674172886
5.07651381533596 -0.398702674172886
5.07651381533596 -0.402366868737768
5.07749423917861 -0.402366868737768
5.07749423917861 -0.402366868737768
5.07749423917861 -0.399760255344214
5.07749423917861 -0.399760255344214
5.06693158983327 -0.399760255344214
5.06693158983327 -0.397721240365936
5.06571052111837 -0.396556977836958
5.06571052111837 -0.395277657271314
5.06571052111837 -0.394410505495364
5.06571052111837 -0.394410505495364
5.06571052111837 -0.394410505495364
5.06571052111837 -0.414265534774989
5.04271900954327 -0.415481473083335
5.05914789617657 -0.412366520777957
5.06212772420853 -0.412366520777957
5.06212772420853 -0.409774506016617
5.05771292117709 -0.405553287756705
5.05472167907929 -0.41333200861393
5.05472167907929 -0.411476120247168
5.05472167907929 -0.416507159723364
5.05195576794986 -0.417443473808389
5.05195576794986 -0.413160518586695
5.04577972780982 -0.413160518586695
5.04944276712064 -0.422825019186428
5.04944276712064 -0.422825019186428
5.04944276712064 -0.426847038875423
5.044694432469 -0.425896430525381
5.044694432469 -0.425896430525381
5.044694432469 -0.425896430525381
5.04773736697688 -0.425896430525381
5.04773736697688 -0.428494604418143
5.04773736697688 -0.428494604418143
5.04773736697688 -0.435030365270202
5.04425429896081 -0.435030365270202
5.04045573523444 -0.427830315158006
5.04045573523444 -0.431202308347569
5.04045573523444 -0.441667016348112
5.04045573523444 -0.441667016348112
5.04045573523444 -0.441667016348112
5.03843247339743 -0.438139326235471
5.03938029443768 -0.438139326235471
5.03938029443768 -0.436109978651725
5.0329753329278 -0.430507151384065
5.05000447068111 -0.429221516216296
5.04507988697889 -0.429221516216296
5.05290691655173 -0.429221516216296
5.05290691655173 -0.429221516216296
5.04311593385103 -0.427257938981114
5.04311593385103 -0.427257938981114
5.04311593385103 -0.442225047473218
5.04311593385103 -0.442225047473218
5.04311593385103 -0.446176724573758
5.04311593385103 -0.453407875404533
5.03831124111993 -0.453407875404533
5.03831124111993 -0.453407875404533
5.03831124111993 -0.453407875404533
5.0399364944782 -0.453813040548846
5.03294912981631 -0.453813040548846
5.03294912981631 -0.45403512272681
5.03294912981631 -0.45403512272681
5.03294912981631 -0.45403512272681
5.04094739318625 -0.461919680849552
5.04094739318625 -0.461919680849552
5.04094739318625 -0.461919680849552
5.04094739318625 -0.461919680849552
5.04094739318625 -0.462507420502954
5.04013182734488 -0.462507420502954
5.04013182734488 -0.462507420502954
5.04013182734488 -0.462507420502954
5.04013182734488 -0.464521055324593
5.04013182734488 -0.457249492256318
5.04013182734488 -0.457249492256318
5.04013182734488 -0.457249492256318
5.04013182734488 -0.457249492256318
5.04725165483782 -0.457249492256318
5.04187334344105 -0.457906248362652
5.04187334344105 -0.451129620049126
5.04187334344105 -0.448162206833935
5.03753501662129 -0.46369302455695
5.03317716600658 -0.45555424695676
5.03317716600658 -0.450348814402827
5.04985173729852 -0.450348814402827
5.04954288381807 -0.450348814402827
5.04759687967548 -0.458650981603936
5.04759687967548 -0.452285420184232
5.04759687967548 -0.439407187829059
5.08543401816334 -0.439115619069674
5.08543401816334 -0.439115619069674
5.08543401816334 -0.444610679952794
5.08543401816334 -0.447811624015853
5.08475305463518 -0.447811624015853
5.08718922827791 -0.436608307130869
5.08718922827791 -0.436608307130869
5.10655142118983 -0.445344621935638
5.10655142118983 -0.435142540100834
5.10943016625617 -0.430110581274146
5.10943016625617 -0.430110581274146
5.11028650903413 -0.430110581274146
5.11028650903413 -0.430110581274146
5.11028650903413 -0.432436648545208
5.11441812122238 -0.432436648545208
5.10928148173561 -0.429907052536034
5.10928148173561 -0.429907052536034
5.12645331470942 -0.429907052536034
5.12645331470942 -0.429907052536034
5.12645331470942 -0.429907052536034
5.12645331470942 -0.429907052536034
5.12645331470942 -0.429907052536034
5.13701916796031 -0.419169571070047
5.1292715341103 -0.430021498110604
5.1292715341103 -0.427462403758815
5.12561857341515 -0.427462403758815
5.12087497861056 -0.426233930208621
5.12087497861056 -0.426233930208621
5.12087497861056 -0.419792321611269
5.14279121785076 -0.419792321611269
5.14279121785076 -0.408526000116766
5.14279121785076 -0.405498486507337
5.1461750334117 -0.405498486507337
5.14296599967495 -0.408989894653609
5.14296599967495 -0.406161428644583
5.14296599967495 -0.398051401898396
5.14296599967495 -0.398051401898396
5.14385059733479 -0.398051401898396
5.14385059733479 -0.398051401898396
5.14385059733479 -0.40498157992863
5.14132474395978 -0.40498157992863
5.14132474395978 -0.40498157992863
5.14132474395978 -0.40498157992863
5.14132474395978 -0.399631212989363
5.14621383616708 -0.404260763029425
5.14014018363463 -0.407220637376503
5.14014018363463 -0.407220637376503
5.14514866169892 -0.403978830949938
5.14514866169892 -0.403978830949938
5.13233019058138 -0.403978830949938
5.13418421100198 -0.399309793570637
5.13418421100198 -0.398055115260006
5.15310760612902 -0.398055115260006
5.14557487378998 -0.398055115260006
5.13247050572261 -0.398055115260006
5.13247050572261 -0.406175540538304
5.13247050572261 -0.406175540538304
5.13073573877766 -0.406175540538304
5.13073573877766 -0.406175540538304
5.14702170572819 -0.406175540538304
5.13359096601792 -0.400856622458165
5.13359096601792 -0.405762733031324
5.13202103037789 -0.40034067261839
5.13202103037789 -0.40034067261839
5.13202103037789 -0.40034067261839
5.13202103037789 -0.414481179575266
5.13202103037789 -0.398558171509379
5.13347261715732 -0.398558171509379
5.11717709291721 -0.400589900340474
5.11717709291721 -0.400589900340474
5.11717709291721 -0.396883341969132
5.09640643861376 -0.396883341969132
5.08959427079952 -0.396883341969132
5.08959427079952 -0.396883341969132
5.08959427079952 -0.396883341969132
5.08959427079952 -0.399246339085416
5.06739830186496 -0.411669149157526
5.05914931181851 -0.411669149157526
5.05914931181851 -0.411669149157526
5.05914931181851 -0.414972563117375
5.05914931181851 -0.421088083125289
5.05914931181851 -0.414136480719026
5.06839982437821 -0.410453235324035
5.06839982437821 -0.408492189235785
5.07343467159916 -0.408492189235785
5.07343467159916 -0.408492189235785
5.07343467159916 -0.406559914110732
5.07667036057449 -0.406559914110732
5.08804121992036 -0.405080602951461
5.09532054825816 -0.404410855673702
5.09532054825816 -0.404410855673702
5.09532054825816 -0.404410855673702
5.09611893967784 -0.386917857243267
5.0934112184581 -0.394381584338643
5.08460481273901 -0.393266705925031
5.08488825098618 -0.393266705925031
5.07497585637196 -0.393266705925031
5.07631799365658 -0.394837629994281
5.0794817424295 -0.397182416169295
5.0794817424295 -0.397182416169295
5.08688112418945 -0.395295984440608
5.08688112418945 -0.395330457299375
5.09556626022982 -0.395330457299375
5.09556626022982 -0.393109366417118
5.09556626022982 -0.393109366417118
5.1213425467911 -0.393109366417118
5.1213425467911 -0.393580824240125
5.11153647476823 -0.393580824240125
5.11153647476823 -0.393580824240125
5.11153647476823 -0.393580824240125
5.09946819491879 -0.392337070307695
5.09946819491879 -0.405285739911531
5.09946819491879 -0.404235210627931
5.09946819491879 -0.404235210627931
5.12277984085609 -0.405327558147019
5.12277984085609 -0.405327558147019
5.12277984085609 -0.387472908293543
5.12277984085609 -0.381360648553225
5.11166001151578 -0.381360648553225
5.12796735871598 -0.389853282081684
5.11805033380582 -0.389853282081684
5.11805033380582 -0.390771781671763
5.11805033380582 -0.390771781671763
5.12303419012315 -0.383914012157236
5.12303419012315 -0.383914012157236
5.12303419012315 -0.389863791683935
5.13451896644139 -0.397212925190797
5.13451896644139 -0.395825357752241
5.13451896644139 -0.395825357752241
5.136696676499 -0.395825357752241
5.13636202103943 -0.395733755526383
5.13636202103943 -0.395733755526383
5.13636202103943 -0.395733755526383
5.13521883917284 -0.395733755526383
5.14732849223944 -0.39416829775394
5.13161299629161 -0.392577074671853
5.1336162638951 -0.392577074671853
5.1336162638951 -0.392577074671853
5.1336162638951 -0.387988317334478
5.1336162638951 -0.387988317334478
5.1386300634166 -0.387988317334478
5.14922615715677 -0.383025889649653
5.14922615715677 -0.391827740336765
5.14922615715677 -0.380067644264343
5.14922615715677 -0.378114876532992
5.14922615715677 -0.378114876532992
5.15257233615604 -0.367349770711807
5.15257233615604 -0.376782169966193
5.15257233615604 -0.378341327551254
5.15257233615604 -0.378341327551254
5.16538187657295 -0.378341327551254
5.16538187657295 -0.378341327551254
5.16538187657295 -0.396939659715298
5.16316631364255 -0.396939659715298
5.14456769227584 -0.397383624561713
5.14812251385055 -0.388665813810836
5.14812251385055 -0.388665813810836
5.14726540540942 -0.388665813810836
5.14726540540942 -0.388665813810836
5.13265330189435 -0.409416264788319
5.13265330189435 -0.409416264788319
5.13265330189435 -0.409416264788319
5.13265330189435 -0.409416264788319
5.13265330189435 -0.421781103014308
5.11835775382709 -0.421781103014308
5.11835775382709 -0.405555030134864
5.11211573848456 -0.405555030134864
5.11211573848456 -0.405555030134864
5.11211573848456 -0.404397236901535
5.11211573848456 -0.404397236901535
5.11211573848456 -0.404397236901535
5.11211573848456 -0.404397236901535
5.11211573848456 -0.419796143961784
5.12355746443918 -0.417150740019766
5.10942974049572 -0.417150740019766
5.10942974049572 -0.417150740019766
5.10942974049572 -0.417150740019766
5.12875002447066 -0.419378706966081
5.12875002447066 -0.419378706966081
5.12875002447066 -0.42100841365524
5.12875002447066 -0.421562788579191
5.12875002447066 -0.418638557570664
5.14315883528502 -0.418638557570664
5.15651905891709 -0.40898771210203
5.14792787269837 -0.40898771210203
5.14792787269837 -0.429190796756642
5.14792787269837 -0.429190796756642
5.14792787269837 -0.429140908116988
5.14870692313777 -0.429140908116988
5.15815728061422 -0.429140908116988
5.17574521394495 -0.429140908116988
5.17574521394495 -0.428552290509872
5.17574521394495 -0.418773953583248
5.17590224880127 -0.418773953583248
5.17515229353037 -0.418773953583248
5.1755719888316 -0.418773953583248
5.1755719888316 -0.425811805678061
5.1755719888316 -0.431258683970053
5.1755719888316 -0.431258683970053
5.1755719888316 -0.431258683970053
5.1755719888316 -0.431258683970053
5.1755719888316 -0.431258683970053
5.1755719888316 -0.433220018678606
5.16534946247476 -0.433220018678606
5.15245538463621 -0.427374505705806
5.15245538463621 -0.412324817624972
5.14872402264637 -0.417471491042983
5.14872402264637 -0.417471491042983
5.14872402264637 -0.426178528387828
5.14872402264637 -0.426178528387828
5.14872402264637 -0.432706393969651
5.15621730961367 -0.432706393969651
5.15621730961367 -0.410518209128401
5.15621730961367 -0.410518209128401
5.15621730961367 -0.410518209128401
5.1519651852521 -0.410518209128401
5.1519651852521 -0.410518209128401
5.1519651852521 -0.422878049086827
5.1519651852521 -0.422878049086827
5.1519651852521 -0.422878049086827
5.1519651852521 -0.429315524015597
5.1519651852521 -0.433184890127847
5.15873495262255 -0.433184890127847
5.15873495262255 -0.433184890127847
5.15671044585564 -0.433184890127847
5.15885267278695 -0.433184890127847
5.16602422506509 -0.422998312881397
5.16602422506509 -0.432162004704133
5.16602422506509 -0.432162004704133
5.16602422506509 -0.432162004704133
5.16602422506509 -0.420263678036138
5.16646631010117 -0.420263678036138
5.16646631010117 -0.420491352471832
5.16302775907864 -0.420491352471832
5.16302775907864 -0.407230290905965
5.16302775907864 -0.407230290905965
5.17021762763658 -0.407230290905965
5.17511360620697 -0.413629911687593
5.17511360620697 -0.409216948209801
5.17511360620697 -0.408837315887751
5.17511360620697 -0.409743220998784
5.17805443618475 -0.409743220998784
5.17805443618475 -0.410432437006106
5.17805443618475 -0.410170141408228
5.17858161336458 -0.410170141408228
5.17858161336458 -0.416630251047615
5.17858161336458 -0.420426872780406
5.17858161336458 -0.420426872780406
5.17858161336458 -0.420426872780406
5.17858161336458 -0.420426872780406
5.17858161336458 -0.420426872780406
5.17858161336458 -0.43831206056315
5.17567171462203 -0.434918069834382
5.16095367079384 -0.441383693976152
5.16095367079384 -0.422804205882758
5.16095367079384 -0.422804205882758
5.16281009430345 -0.422804205882758
5.16281009430345 -0.422804205882758
5.15300843418468 -0.422804205882758
5.14033063295407 -0.422804205882758
5.14181152680178 -0.421573216427099
5.14181152680178 -0.43942124338442
5.14181152680178 -0.43942124338442
5.13830735183404 -0.43942124338442
5.13830735183404 -0.43942124338442
5.16223122830716 -0.425619278077538
5.16223122830716 -0.429928675256022
5.16223122830716 -0.429928675256022
5.16223122830716 -0.418828528254514
5.15864709809277 -0.428206349393017
5.13164614900656 -0.428206349393017
5.14445151057414 -0.421362391456263
5.14445151057414 -0.421362391456263
5.13702017520092 -0.421362391456263
5.14624591559568 -0.421362391456263
5.14624591559568 -0.421362391456263
5.14633955814234 -0.421362391456263
5.14633955814234 -0.421362391456263
5.14633955814234 -0.421362391456263
5.14633955814234 -0.415339792702064
5.14633955814234 -0.415339792702064
5.16703417445767 -0.415339792702064
5.16624952179988 -0.415339792702064
5.16624952179988 -0.415339792702064
5.16420872219212 -0.418881440842234
5.15568079557225 -0.418881440842234
5.15568079557225 -0.428517283446467
5.15568079557225 -0.427089705366256
5.15568079557225 -0.427089705366256
5.15203773705931 -0.427089705366256
5.15426655366102 -0.427089705366256
5.15226844798035 -0.427089705366256
5.13898422857945 -0.427089705366256
5.13898422857945 -0.427089705366256
5.15317584883963 -0.427089705366256
5.15317584883963 -0.451348721861035
5.15317584883963 -0.453476349612961
5.14553499008632 -0.453476349612961
5.14553499008632 -0.458570727431557
5.14553499008632 -0.453201881213014
5.14203796163412 -0.453201881213014
5.14203796163412 -0.453201881213014
5.14203796163412 -0.453056715053295
5.14314923712269 -0.453056715053295
5.14780802000725 -0.453056715053295
5.14687304465645 -0.455694943183387
5.14687304465645 -0.455694943183387
5.14687304465645 -0.455694943183387
5.14687304465645 -0.455694943183387
5.14687304465645 -0.458681543644731
5.14687304465645 -0.458681543644731
5.14687304465645 -0.458681543644731
5.14687304465645 -0.449423670060181
5.14687304465645 -0.458244168423828
5.15032881627961 -0.458244168423828
5.15032881627961 -0.458244168423828
5.15032881627961 -0.463846401532082
5.15032881627961 -0.463846401532082
5.15032881627961 -0.463846401532082
5.15032881627961 -0.470470473072918
5.15032881627961 -0.470470473072918
5.15459455971306 -0.470470473072918
5.15459455971306 -0.471211049283375
5.15659079453698 -0.471211049283375
5.15090651200433 -0.471211049283375
5.16227801440894 -0.471211049283375
5.16227801440894 -0.471211049283375
5.17745780048368 -0.471211049283375
5.17881990422531 -0.474990020170921
5.17881990422531 -0.46346269298441
5.17854350042848 -0.472146849451196
5.17854350042848 -0.472146849451196
5.17854350042848 -0.467552443804671
5.16749822296648 -0.484035641806418
5.16666701117466 -0.484035641806418
5.16666701117466 -0.484035641806418
5.1742172281937 -0.478314549024572
5.17031523862721 -0.487967334261726
5.17031523862721 -0.472507757250296
5.17031523862721 -0.472507757250296
5.17017739199553 -0.472507757250296
5.16079013364235 -0.473045728571255
5.15997993531253 -0.473045728571255
5.16036755138534 -0.473045728571255
5.16036755138534 -0.473045728571255
5.16036755138534 -0.473045728571255
5.14617121679075 -0.482240357925283
5.1507872969628 -0.482240357925283
5.15168528579876 -0.482240357925283
5.15168528579876 -0.482240357925283
5.15168528579876 -0.482240357925283
5.14210617017598 -0.486569965135224
5.14210617017598 -0.486569965135224
5.14210617017598 -0.486569965135224
5.14902854167184 -0.486569965135224
5.14902854167184 -0.476539966422351
5.15783266485528 -0.489649034889098
5.15221115463098 -0.489649034889098
5.15221115463098 -0.489649034889098
5.15276678801243 -0.489649034889098
5.15276678801243 -0.490088207382055
5.15276678801243 -0.489630136529272
5.14309315788157 -0.489630136529272
5.13227152337309 -0.489630136529272
5.14006278907751 -0.482626936791525
5.14006278907751 -0.482626936791525
5.14006278907751 -0.482626936791525
5.14293917391769 -0.482626936791525
5.14465943736946 -0.487361530170727
5.14465943736946 -0.487361530170727
5.15552442427262 -0.487244482508369
5.15552442427262 -0.487244482508369
5.1573557779108 -0.487244482508369
5.14631923560156 -0.487244482508369
5.14631923560156 -0.487244482508369
5.14596710551622 -0.487244482508369
5.14596710551622 -0.487244482508369
5.14575700208478 -0.50151031922182
5.14575700208478 -0.49313634101372
5.1486376414207 -0.487317408223626
5.1486376414207 -0.482304669935986
5.15680868786298 -0.482304669935986
5.14202934871208 -0.476764454144438
5.16164324877766 -0.476764454144438
5.15838792144332 -0.463511431265217
5.15838792144332 -0.480923854691561
5.15880832465125 -0.474786000590887
5.15880832465125 -0.474257429172602
5.16502854696153 -0.474257429172602
5.16003787057044 -0.460877745052885
5.16003787057044 -0.460877745052885
5.14988783293399 -0.460877745052885
5.14988783293399 -0.465092868706165
5.16338055213337 -0.464612766906374
5.16338055213337 -0.464612766906374
5.15765342051188 -0.470379653284733
5.1655794849099 -0.470379653284733
5.16534015159691 -0.480095960473805
5.16079942824121 -0.480095960473805
5.15128869958265 -0.482073954512753
5.15128869958265 -0.482073954512753
5.15128869958265 -0.482073954512753
5.15128869958265 -0.482073954512753
5.15128869958265 -0.483580247386395
5.15128869958265 -0.480407077323424
5.15128869958265 -0.489958890597003
5.15128869958265 -0.489958890597003
5.15128869958265 -0.489958890597003
5.15838333411615 -0.481247049755631
5.15838333411615 -0.481247049755631
5.15838333411615 -0.481247049755631
5.14290647881847 -0.490704804179576
5.14530995512005 -0.496849681976189
5.14243535140692 -0.491505558835598
5.13425985741386 -0.491505558835598
5.13469475925495 -0.491505558835598
5.1301916265407 -0.499641988514724
5.12623583158758 -0.492750561024202
5.12623583158758 -0.489819231530772
5.12623583158758 -0.476689796325918
5.12623583158758 -0.479812182159528
5.12623583158758 -0.479812182159528
5.12838404302392 -0.479812182159528
5.12838404302392 -0.49377659883161
5.12838404302392 -0.49377659883161
5.13705062333772 -0.489422531308704
5.13705062333772 -0.49275579142936
5.13705062333772 -0.485188415697598
5.12435785310712 -0.485188415697598
5.12435785310712 -0.485188415697598
5.12435785310712 -0.473407360452489
5.12780597436656 -0.490626054083227
5.14657264312759 -0.490626054083227
5.13073291114664 -0.488628967803257
5.13073291114664 -0.477123308998724
5.13073291114664 -0.475142013082399
5.13073291114664 -0.475142013082399
5.13073291114664 -0.450143148098415
5.13470715577465 -0.459760489258507
5.13470715577465 -0.450128692263504
5.13930538798878 -0.443833516923776
5.13930538798878 -0.443833516923776
5.13930538798878 -0.443833516923776
5.13930538798878 -0.443833516923776
5.14069595037856 -0.440152306952468
5.12724627850604 -0.440152306952468
5.13745664981417 -0.439201420126966
5.13745664981417 -0.440067330081645
5.13745664981417 -0.440067330081645
5.15878942865212 -0.440172524859719
5.15878942865212 -0.442081641235251
5.15878942865212 -0.442081641235251
5.15878942865212 -0.442081641235251
5.15219595992472 -0.457856865714923
5.14508229298148 -0.457856865714923
5.14508229298148 -0.449889602753412
5.14508229298148 -0.449889602753412
5.14508229298148 -0.449889602753412
5.14662135669777 -0.449889602753412
5.14084673819906 -0.452526997714232
5.14084673819906 -0.453486831030178
5.14084673819906 -0.453486831030178
5.12628355368611 -0.46666869953536
5.12628355368611 -0.451403616611935
5.12628355368611 -0.451403616611935
5.12628355368611 -0.451403616611935
5.12628355368611 -0.458140306949932
5.12628355368611 -0.457618979354689
5.12674778235024 -0.469879153451256
5.11204713061273 -0.469879153451256
5.116285536021 -0.453827567345738
5.116285536021 -0.453299521541462
5.116285536021 -0.454644193172907
5.11922096120131 -0.454644193172907
5.11922096120131 -0.454644193172907
5.11876778820557 -0.454644193172907
5.11258809981981 -0.454644193172907
5.11258809981981 -0.454644193172907
5.10586920696999 -0.447519514638692
5.1148193455433 -0.447519514638692
5.11208575278239 -0.447519514638692
5.11208575278239 -0.447519514638692
5.11208575278239 -0.447263660051409
5.11208575278239 -0.460545021035684
5.11208575278239 -0.460545021035684
5.11090730184733 -0.460545021035684
5.11090730184733 -0.454471953557184
5.11090730184733 -0.453817601278549
5.12260166412399 -0.45622581903079
5.12260166412399 -0.45622581903079
5.11697317001785 -0.45622581903079
5.10335847704606 -0.462752565541977
5.10335847704606 -0.462752565541977
5.09339091200943 -0.462752565541977
5.09339091200943 -0.462752565541977
5.10442614683298 -0.464005949856485
5.1003233215912 -0.464005949856485
5.1003233215912 -0.471127646158414
5.1003233215912 -0.475352004163272
5.09671042771023 -0.475352004163272
5.09671042771023 -0.47448936704704
5.09671042771023 -0.467730196802165
5.1146595861993 -0.467730196802165
5.1146595861993 -0.467730196802165
5.1146595861993 -0.467730196802165
5.10566891124902 -0.467730196802165
5.10706682628553 -0.467730196802165
5.10976149618923 -0.46781169430459
5.11631387585716 -0.46781169430459
5.11631387585716 -0.46781169430459
5.12384989023384 -0.45709785067796
5.12312446064526 -0.45709785067796
5.1236836256543 -0.45709785067796
5.1236836256543 -0.45709785067796
5.1236836256543 -0.45709785067796
5.1236836256543 -0.45709785067796
5.1236836256543 -0.45709785067796
5.1236836256543 -0.45709785067796
5.1236836256543 -0.45709785067796
5.12569523385058 -0.45709785067796
5.12569523385058 -0.450891196521719
5.12569523385058 -0.450891196521719
5.13437411645406 -0.450891196521719
5.13437411645406 -0.450891196521719
5.10963595204443 -0.450891196521719
5.13127002152293 -0.450891196521719
5.13127002152293 -0.446242900984015
5.13127002152293 -0.446242900984015
5.13127002152293 -0.446242900984015
5.13127002152293 -0.446242900984015
5.13127002152293 -0.44752840661753
5.13127002152293 -0.44752840661753
5.13127002152293 -0.438830198554715
5.14042977463058 -0.438830198554715
5.14994367759263 -0.438830198554715
5.14994367759263 -0.438830198554715
5.14994367759263 -0.448156211796785
5.14791463566495 -0.465207574511063
5.14791463566495 -0.465207574511063
5.14412191120782 -0.482681741183567
5.14346125385357 -0.47610483232165
5.14346125385357 -0.47610483232165
5.14346125385357 -0.47610483232165
5.14631754502623 -0.47610483232165
5.14811764242427 -0.47610483232165
5.14811764242427 -0.479006012169042
5.13441101509192 -0.479006012169042
5.13441101509192 -0.469278361740713
5.1433912617443 -0.469278361740713
5.16680081053222 -0.469278361740713
5.16680081053222 -0.461271328859189
5.16680081053222 -0.461271328859189
5.16583989457641 -0.461271328859189
5.16583989457641 -0.461271328859189
5.16583989457641 -0.461271328859189
5.15740996751231 -0.461271328859189
5.15740996751231 -0.473234640511692
5.14367466001884 -0.473234640511692
5.14367466001884 -0.473234640511692
5.15140076845415 -0.478460639153863
5.15140076845415 -0.478460639153863
5.15291308605209 -0.469791516531871
5.15291308605209 -0.469791516531871
5.15291308605209 -0.460644038001305
5.15291308605209 -0.460644038001305
5.15291308605209 -0.446638364419677
5.15291308605209 -0.446638364419677
5.16182403749224 -0.446638364419677
5.16182403749224 -0.446638364419677
5.1715005513442 -0.446638364419677
5.16002412771284 -0.443055578656198
5.17984710141691 -0.443055578656198
5.17984710141691 -0.443055578656198
5.18637049551621 -0.45079853984642
5.1801025920447 -0.45079853984642
5.18280371275488 -0.45079853984642
5.18280371275488 -0.45079853984642
5.18280371275488 -0.45079853984642
5.1775264252007 -0.45079853984642
5.18202975834 -0.454703080118854
5.19117713902724 -0.45697823316222
5.19412684759507 -0.453170341183842
5.19412684759507 -0.453170341183842
5.19412684759507 -0.453170341183842
5.19412684759507 -0.453170341183842
5.19570029422254 -0.453170341183842
5.19570029422254 -0.453170341183842
5.19570029422254 -0.453170341183842
5.19570029422254 -0.453170341183842
5.19570029422254 -0.456071553180694
5.19570029422254 -0.456071553180694
5.19570029422254 -0.456071553180694
5.20543983062492 -0.456071553180694
5.20543983062492 -0.455483384067023
5.20742030540181 -0.455483384067023
5.20742030540181 -0.455483384067023
5.20166730187085 -0.455483384067023
5.20166730187085 -0.451518038012394
5.20414869483303 -0.451518038012394
5.20414869483303 -0.453783729665276
5.20414869483303 -0.453783729665276
5.20414869483303 -0.453783729665276
5.20414869483303 -0.462181377267
5.20424859120954 -0.462181377267
5.20424859120954 -0.461755857483214
5.20424859120954 -0.461755857483214
5.20085418727861 -0.454330719602566
5.20085418727861 -0.454330719602566
5.1976853216775 -0.45235874799776
5.1976853216775 -0.45235874799776
5.1976853216775 -0.475231439448147
5.1976853216775 -0.475231439448147
5.19168143708475 -0.475231439448147
5.19168143708475 -0.475231439448147
5.19168143708475 -0.47277263947046
5.1960876680622 -0.47277263947046
5.1960876680622 -0.47277263947046
5.19601907060466 -0.465163289816122
5.19601907060466 -0.465163289816122
5.19601907060466 -0.465163289816122
5.20000645912277 -0.465163289816122
5.21821210300417 -0.465163289816122
5.20191210457958 -0.465163289816122
5.20191210457958 -0.465163289816122
5.20191210457958 -0.465163289816122
5.20191210457958 -0.465163289816122
5.20191210457958 -0.465163289816122
5.20191210457958 -0.465163289816122
5.19912880874026 -0.465163289816122
5.19912880874026 -0.465163289816122
5.19717789129294 -0.465163289816122
5.19717789129294 -0.48059195000321
5.19717789129294 -0.482432367577806
5.19357632038571 -0.48807551830348
5.19286387558893 -0.489276639680974
5.19199198562958 -0.489276639680974
5.19199198562958 -0.489276639680974
5.19199198562958 -0.489276639680974
5.19199198562958 -0.489276639680974
5.19199198562958 -0.489276639680974
5.18817536369975 -0.489276639680974
5.18817536369975 -0.48394113593489
5.18817536369975 -0.500234210396365
5.1872039989971 -0.481821572329503
5.20204122580931 -0.481821572329503
5.20555372242612 -0.480218035555567
5.20555372242612 -0.480218035555567
5.1969505753395 -0.480218035555567
5.1969505753395 -0.470136758646609
5.20839805149712 -0.470136758646609
5.20839805149712 -0.470136758646609
5.20481026313632 -0.470136758646609
5.21783620128616 -0.470136758646609
5.2080978635417 -0.470136758646609
5.2080978635417 -0.457894649539941
5.20649029809466 -0.457894649539941
5.20649029809466 -0.456472492949856
5.20649029809466 -0.456472492949856
5.20649029809466 -0.469431928264871
5.20155871677397 -0.47692108515218
5.19647298053947 -0.470484413268205
5.19647298053947 -0.470484413268205
5.19647298053947 -0.470484413268205
5.19647298053947 -0.470484413268205
5.19647298053947 -0.469012422681051
5.19647298053947 -0.474397578985444
5.19647298053947 -0.474397578985444
5.19834267518182 -0.46756423504896
5.19834267518182 -0.469726220829065
5.19834267518182 -0.467822178520644
5.19834267518182 -0.467822178520644
5.19834267518182 -0.467822178520644
5.19834267518182 -0.467822178520644
5.19834267518182 -0.468028096309353
5.19834267518182 -0.452732835578381
5.21682340411036 -0.452732835578381
5.22137852919678 -0.454591176875451
5.22137852919678 -0.454591176875451
5.19611892658692 -0.460175416922134
5.2001505514783 -0.460175416922134
5.2001505514783 -0.460685404162527
5.2001505514783 -0.460685404162527
5.20555606822992 -0.460685404162527
5.20555606822992 -0.460685404162527
5.20555606822992 -0.460685404162527
5.20555606822992 -0.460685404162527
5.20555606822992 -0.481940494566181
5.18833293697044 -0.475038256952996
5.19259624749656 -0.475038256952996
5.19143885928864 -0.486996398414554
5.19143885928864 -0.490648030113905
5.19143885928864 -0.490648030113905
5.19056604699867 -0.490648030113905
5.19056604699867 -0.478861389101601
5.20620526110237 -0.478861389101601
5.18799039420066 -0.473435937352878
5.18482166866095 -0.47438624165612
5.18482166866095 -0.471876264979942
5.18482166866095 -0.491935777753998
5.16709886746928 -0.491935777753998
5.16709886746928 -0.491935777753998
5.16709886746928 -0.475792284488898
5.16709886746928 -0.487003301756094
5.16709886746928 -0.485163893362405
5.16709886746928 -0.485163893362405
5.16709886746928 -0.485810437097911
5.16709886746928 -0.485810437097911
5.16709886746928 -0.483866992532586
5.16709886746928 -0.483969294154545
5.16709886746928 -0.483969294154545
5.16709886746928 -0.483969294154545
5.16709886746928 -0.484391940786245
5.16709886746928 -0.484391940786245
5.16709886746928 -0.484391940786245
5.16709886746928 -0.484391940786245
5.16709886746928 -0.484391940786245
5.16709886746928 -0.484391940786245
5.16709886746928 -0.484391940786245
5.16245200992793 -0.484391940786245
5.14403330502121 -0.484391940786245
5.14403330502121 -0.484391940786245
5.15228333564528 -0.484391940786245
5.15228333564528 -0.484391940786245
5.16895982427202 -0.48000793838254
5.17155331700123 -0.48000793838254
5.17155331700123 -0.48000793838254
5.17155331700123 -0.48000793838254
5.16663517286772 -0.480037711439627
5.16663517286772 -0.482989709090361
5.16663517286772 -0.482989709090361
5.1761662536198 -0.485088227725006
5.16143598926215 -0.485088227725006
5.164975132109 -0.485088227725006
5.16318086406816 -0.485088227725006
5.16318086406816 -0.487975712124355
5.16318086406816 -0.487975712124355
5.16318086406816 -0.487975712124355
5.16318086406816 -0.477136449504438
5.16318086406816 -0.473577275947117
5.16318086406816 -0.473577275947117
5.16318086406816 -0.473577275947117
5.16318086406816 -0.473577275947117
5.1582580870153 -0.473577275947117
5.1582580870153 -0.474188968671128
5.15779568128256 -0.474188968671128
5.15779568128256 -0.474188968671128
5.16905597217541 -0.452825200345911
5.15983473208046 -0.451892661482496
5.15983473208046 -0.46334226571542
5.15534871872752 -0.459398932771312
5.14188095697071 -0.459398932771312
5.14188095697071 -0.458621459377983
5.15365425019257 -0.458621459377983
5.16611797486347 -0.465224732272332
5.16442540828063 -0.465224732272332
5.15425294690614 -0.465224732272332
5.15425294690614 -0.451257213235347
5.15425294690614 -0.452188249616234
5.15188659052089 -0.452188249616234
5.13541742836165 -0.452188249616234
5.13680082901502 -0.452188249616234
5.13836111118574 -0.438380672451774
5.13106178730535 -0.441062820009345
5.13106178730535 -0.441062820009345
5.13106178730535 -0.437052116790905
5.13106178730535 -0.442928619067856
5.13106178730535 -0.458866579226303
5.13106178730535 -0.458866579226303
5.14412129447911 -0.458866579226303
5.14238960830803 -0.458866579226303
5.14238960830803 -0.458866579226303
5.14238960830803 -0.457565823603578
5.13648920633171 -0.44415343521839
5.13648920633171 -0.44415343521839
5.13982302385932 -0.44415343521839
5.13336482471538 -0.429012106973685
5.13974683027501 -0.429012106973685
5.13494281132696 -0.429012106973685
5.13494281132696 -0.433686545218612
5.13482904559263 -0.433686545218612
5.13154960489091 -0.431927170897423
5.13154960489091 -0.43643845598755
5.1375408547643 -0.43643845598755
5.13565993165455 -0.4288417477231
5.13203404545438 -0.4288417477231
5.13203404545438 -0.432301324081504
5.13203404545438 -0.432301324081504
5.14236421296918 -0.426468093669379
5.14236421296918 -0.426468093669379
5.13216651111578 -0.426468093669379
5.1433260740172 -0.40862402516541
5.14405351742657 -0.40878685547928
5.14405351742657 -0.40878685547928
5.1385907430501 -0.403223442863244
5.1385907430501 -0.403223442863244
5.1385907430501 -0.403223442863244
5.1385907430501 -0.403223442863244
5.1385907430501 -0.411936075234718
5.12788775328141 -0.411936075234718
5.12047623102625 -0.411936075234718
5.12047623102625 -0.411936075234718
5.12047623102625 -0.411936075234718
5.11886865895866 -0.412186192585207
5.11886865895866 -0.412186192585207
5.11886865895866 -0.412186192585207
5.11886865895866 -0.412186192585207
5.11886865895866 -0.412186192585207
5.11886865895866 -0.411877496106122
5.12452180086696 -0.413650673547158
5.12452180086696 -0.407554494706942
5.10593724873133 -0.407554494706942
5.10593724873133 -0.407322890488404
5.10593724873133 -0.412214240690606
5.10324276820602 -0.416135269744115
5.10841586819612 -0.416135269744115
5.10293442802419 -0.424883360563572
5.10301278793757 -0.424883360563572
5.10301278793757 -0.425840338601789
5.10301278793757 -0.425840338601789
5.10301278793757 -0.425840338601789
5.10301278793757 -0.432565554669857
5.08113714738512 -0.432565554669857
5.08113714738512 -0.432565554669857
5.08113714738512 -0.432565554669857
5.0765981596074 -0.42637603304003
5.0765981596074 -0.42637603304003
5.0765981596074 -0.42637603304003
5.0765981596074 -0.424992081524285
5.0765981596074 -0.424992081524285
5.08576830700914 -0.424992081524285
5.08156543769126 -0.424992081524285
5.08156543769126 -0.424992081524285
5.08156543769126 -0.416554711050065
5.07220807060619 -0.416554711050065
5.05737867188794 -0.417621766096034
5.07198414185457 -0.420002802282818
5.07198414185457 -0.416981446629816
5.07198414185457 -0.416981446629816
5.07198414185457 -0.418558645852988
5.07198414185457 -0.421524431496675
5.07198414185457 -0.421524431496675
5.07172271121453 -0.421524431496675
5.07172271121453 -0.404241345744399
5.08214172289541 -0.404241345744399
5.08214172289541 -0.404241345744399
5.07637409622827 -0.411839413227894
5.08236456447204 -0.399677712102268
5.08236456447204 -0.392776383995654
5.07820913209306 -0.392776383995654
5.07820913209306 -0.392776383995654
5.07820913209306 -0.407332270118272
5.08311316539589 -0.416584611593503
5.08601148896458 -0.407294080461177
5.08601148896458 -0.407294080461177
5.0826532990832 -0.425182780027105
5.0826532990832 -0.425182780027105
5.06406521927405 -0.429795682154954
5.06406521927405 -0.416918687944728
5.06406521927405 -0.416918687944728
5.05489517725462 -0.416918687944728
5.05978145499754 -0.425462980731556
5.05978145499754 -0.417298546250615
5.04972490947426 -0.423833485119566
5.04972490947426 -0.426373182013555
5.04510605138758 -0.426373182013555
5.05820921976984 -0.426373182013555
5.05820921976984 -0.432761187589791
5.05820921976984 -0.432761187589791
5.05820921976984 -0.416352882156409
5.0475253841679 -0.416352882156409
5.0475253841679 -0.416352882156409
5.06549047446216 -0.416352882156409
5.06013105494605 -0.416352882156409
5.06013105494605 -0.416352882156409
5.06013105494605 -0.414256316262097
5.05392239436871 -0.428698345007387
5.04027621197708 -0.428698345007387
5.04027621197708 -0.433156311305545
5.04027621197708 -0.418223206281818
5.04027621197708 -0.420351951108659
5.04537332042761 -0.409417000274665
5.04537332042761 -0.409417000274665
5.03470943226342 -0.409417000274665
5.03470943226342 -0.409417000274665
5.03470943226342 -0.409417000274665
5.03470943226342 -0.409417000274665
5.03470943226342 -0.405365023949593
5.03470943226342 -0.409284746581798
5.03470943226342 -0.409284746581798
5.01440192711071 -0.412339431674455
5.01121126774429 -0.412339431674455
5.01121126774429 -0.434309338911702
5.01105775131896 -0.434309338911702
5.01105775131896 -0.434309338911702
5.01105775131896 -0.434309338911702
5.01105775131896 -0.434309338911702
5.01105775131896 -0.423257291966423
5.01105775131896 -0.423257291966423
5.00814726840799 -0.423257291966423
5.00814726840799 -0.432680627498553
5.00827601175035 -0.444229209214038
5.00827601175035 -0.446959314813804
5.01128204167637 -0.446959314813804
5.01128204167637 -0.446959314813804
5.01128204167637 -0.446959314813804
5.01128204167637 -0.442297215522545
5.00771731493933 -0.442297215522545
5.01056493860087 -0.443376657458764
5.01056493860087 -0.443376657458764
5.00207590387321 -0.457184484566194
5.00207590387321 -0.457184484566194
5.00207590387321 -0.457968997862601
5.00207590387321 -0.457968997862601
5.00584890697093 -0.441457840241271
5.02252987876371 -0.44986102677442
5.02252987876371 -0.44986102677442
5.02252987876371 -0.461978328805716
5.01415842161242 -0.461978328805716
5.01415842161242 -0.461978328805716
5.01415842161242 -0.4550554865141
5.01415842161242 -0.4550554865141
5.01527733472198 -0.450529726999866
5.01527733472198 -0.447964807166513
5.02485880056893 -0.449212993235251
5.02485880056893 -0.451774373486132
5.01213931832675 -0.451774373486132
5.02332113767243 -0.451774373486132
5.02332113767243 -0.442098467482291
5.02332113767243 -0.43338096342931
5.02332113767243 -0.445315787254342
5.02332113767243 -0.445315787254342
5.02332113767243 -0.438415448208322
5.02332113767243 -0.447169408386847
5.02332113767243 -0.447169408386847
5.02332113767243 -0.447169408386847
5.02332113767243 -0.447169408386847
5.0357813492088 -0.447169408386847
5.0357813492088 -0.449642934692512
5.0357813492088 -0.453228261297797
5.05479340376282 -0.453228261297797
5.04821015106173 -0.453228261297797
5.06069170603156 -0.453228261297797
5.05050764360745 -0.439132130721191
5.06310319198499 -0.438357755888023
5.06310319198499 -0.438357755888023
5.0443955633283 -0.43613383578487
5.05035979782689 -0.43441106971561
5.05035979782689 -0.43441106971561
5.04358734055689 -0.43441106971561
5.04358734055689 -0.433614838823622
5.04729701117841 -0.420066778439862
5.04729701117841 -0.414043070533709
5.04729701117841 -0.416554241066992
5.04710177348386 -0.420431854145176
5.04710177348386 -0.420431854145176
5.04710177348386 -0.420786368622405
5.04882566720496 -0.420786368622405
5.07054555722883 -0.417981274696343
5.05448359798296 -0.417981274696343
5.05448359798296 -0.426512988790644
5.05448359798296 -0.426512988790644
5.05403144030655 -0.419909322974705
5.05403144030655 -0.419909322974705
5.05403144030655 -0.415530021975412
5.05403144030655 -0.415321295142932
5.05403144030655 -0.415321295142932
5.05403144030655 -0.423793794470753
5.05403144030655 -0.423793794470753
5.07558388686799 -0.419802040770214
5.07597327753212 -0.407805414247718
5.07597327753212 -0.407805414247718
5.08371457317011 -0.407805414247718
5.08637515362115 -0.407805414247718
5.07009497760625 -0.395900373406913
5.07039275604757 -0.404843812407179
5.06983613231135 -0.404843812407179
5.06983613231135 -0.404843812407179
5.06983613231135 -0.404843812407179
5.06983613231135 -0.404843812407179
5.06972588228751 -0.404843812407179
5.06972588228751 -0.408528280193422
5.06526507841625 -0.408528280193422
5.07864962546017 -0.408528280193422
5.07864962546017 -0.408528280193422
5.08710390561152 -0.410597320775882
5.08856442174545 -0.410597320775882
5.08856442174545 -0.410597320775882
5.09351871831764 -0.416568359607978
5.09351871831764 -0.416568359607978
5.09351871831764 -0.397293016718536
5.09351871831764 -0.397293016718536
5.09351871831764 -0.397293016718536
5.08487253692503 -0.396817025969819
5.08487253692503 -0.396817025969819
5.08487253692503 -0.396817025969819
5.08487253692503 -0.396817025969819
5.08487253692503 -0.401398600341888
5.08487253692503 -0.401398600341888
5.06039793991574 -0.401398600341888
5.06039793991574 -0.39894521880804
5.06039793991574 -0.404936714506787
5.07073303857442 -0.404936714506787
5.08558599038078 -0.404936714506787
5.09273246188477 -0.404936714506787
5.09273246188477 -0.405960929045121
5.09273246188477 -0.405621512031592
5.09273246188477 -0.405621512031592
5.09273246188477 -0.405621512031592
5.09502967154076 -0.405621512031592
5.09502967154076 -0.4208005838699
5.10420423414327 -0.4208005838699
5.10420423414327 -0.4208005838699
5.09595114849561 -0.4208005838699
5.10680049666389 -0.408531235048011
5.08748287681061 -0.420635824112307
5.08748287681061 -0.437463912756954
5.08964920837435 -0.437463912756954
5.08964920837435 -0.437463912756954
5.09501129181189 -0.430016234559504
5.09501129181189 -0.430016234559504
5.09257540745458 -0.430016234559504
5.09284809153863 -0.430016234559504
5.10322505412187 -0.430016234559504
5.10322505412187 -0.430016234559504
5.10322505412187 -0.439084944808207
5.10322505412187 -0.422638853448392
5.10322505412187 -0.422638853448392
5.11034368742722 -0.422638853448392
5.11034368742722 -0.433662052136029
5.11034368742722 -0.433662052136029
5.11034368742722 -0.442102520861272
5.11034368742722 -0.440284642844424
5.11720123381627 -0.440284642844424
5.10641084954005 -0.440340854102406
5.11228793413873 -0.426211317949687
5.11228793413873 -0.426211317949687
5.11228793413873 -0.439688115936205
5.11749499941504 -0.439688115936205
5.10123912139622 -0.439688115936205
5.10123912139622 -0.430138108198082
5.10766309883804 -0.435338699879613
5.10766309883804 -0.433799098891689
5.10766309883804 -0.431794890078567
5.10766309883804 -0.443039532661962
5.10766309883804 -0.440573272119503
5.10766309883804 -0.43396431115123
5.10766309883804 -0.429428115497353
5.09528619931882 -0.429598122221851
5.09528619931882 -0.429598122221851
5.09528619931882 -0.429598122221851
5.09528619931882 -0.429598122221851
5.09528619931882 -0.429598122221851
5.09528619931882 -0.429598122221851
5.09400402406096 -0.443087826670382
5.09400402406096 -0.448154485243914
5.09135798537881 -0.448154485243914
5.09135798537881 -0.448154485243914
5.09135798537881 -0.438274856272145
5.09135798537881 -0.425520028103212
5.08082606839288 -0.425520028103212
5.08082606839288 -0.425520028103212
5.08082606839288 -0.441616814811775
5.08082606839288 -0.441616814811775
5.08082606839288 -0.441616814811775
5.07853982412029 -0.441616814811775
5.07853982412029 -0.441616814811775
5.07417031282431 -0.443829571219302
5.07417031282431 -0.443829571219302
5.04976609828351 -0.443829571219302
5.04976609828351 -0.443829571219302
5.04976609828351 -0.443829571219302
5.04976609828351 -0.443829571219302
5.04898170230643 -0.440867233635701
5.04898170230643 -0.440867233635701
5.05079850794624 -0.440867233635701
5.05079850794624 -0.440867233635701
5.05079850794624 -0.440867233635701
5.05122832310707 -0.440867233635701
5.04986792046632 -0.43406790984434
5.06408445541175 -0.43406790984434
5.06408445541175 -0.44136832917722
5.06535179525658 -0.441298473955341
5.06535179525658 -0.441298473955341
5.06535179525658 -0.431471761232596
5.06535179525658 -0.431471761232596
5.0636604660979 -0.431471761232596
5.05929066336983 -0.431471761232596
5.06030677990554 -0.431471761232596
5.05807347642212 -0.431471761232596
5.05363109754877 -0.431471761232596
5.05363109754877 -0.431471761232596
5.05363109754877 -0.431471761232596
5.05363109754877 -0.431471761232596
5.04523925408405 -0.435147929046947
5.04523925408405 -0.435147929046947
5.04523925408405 -0.435147929046947
5.04523925408405 -0.446702709619107
5.04523925408405 -0.443224543680591
5.0463507957488 -0.453866718778053
5.05680889436922 -0.440387491914669
5.05680889436922 -0.454992152209664
5.05180550961692 -0.449029077058547
5.05180550961692 -0.44465429147994
5.05180550961692 -0.44465429147994
5.05180550961692 -0.438980564103357
5.06215070594459 -0.438980564103357
5.06215070594459 -0.434627106164506
5.06215070594459 -0.434627106164506
5.07151345356578 -0.434627106164506
5.07151345356578 -0.434627106164506
5.07151345356578 -0.44310154042299
5.07203796306644 -0.44310154042299
5.07934637666412 -0.44310154042299
5.07934637666412 -0.44310154042299
5.07934637666412 -0.44310154042299
5.07934637666412 -0.44310154042299
5.07934637666412 -0.437644925728982
5.08519147308305 -0.437644925728982
5.07999262517691 -0.437644925728982
5.07999262517691 -0.437644925728982
5.07999262517691 -0.437644925728982
5.07999262517691 -0.42394658010959
5.07999262517691 -0.414168459821315
5.10364510078501 -0.43226969996478
5.10364510078501 -0.43226969996478
5.10364510078501 -0.425971907777491
5.10635304612612 -0.425971907777491
5.10635304612612 -0.429562923317898
5.11330575447987 -0.429562923317898
5.10851010066418 -0.429562923317898
5.10851010066418 -0.435215904291912
5.10410576454174 -0.435215904291912
5.10410576454174 -0.435215904291912
5.10767609295717 -0.440656866839149
5.10767609295717 -0.434061241043759
5.10767609295717 -0.434061241043759
5.10767609295717 -0.434061241043759
5.10767609295717 -0.438635768793911
5.10767609295717 -0.438635768793911
5.09761572617619 -0.438635768793911
5.10005286212663 -0.438635768793911
5.10197790768805 -0.438635768793911
5.09958524165653 -0.438635768793911
5.09958524165653 -0.44125673352106
5.09533624518988 -0.440629171951733
5.09714971195525 -0.440629171951733
5.09714971195525 -0.440629171951733
5.09714971195525 -0.444557287139677
5.09714971195525 -0.44777008943806
5.09714971195525 -0.44777008943806
5.09373898352155 -0.44777008943806
5.09151306577354 -0.445181415132167
5.09151306577354 -0.447190533661725
5.09151306577354 -0.443738995888753
5.09189615815122 -0.453971765292974
5.09189615815122 -0.440084721585845
5.09189615815122 -0.440084721585845
5.10477952328952 -0.441889264711088
5.10930931211574 -0.442464937849295
5.10930931211574 -0.435573701569462
5.10930931211574 -0.435573701569462
5.10930931211574 -0.435573701569462
5.10930931211574 -0.44035146706716
5.1155649684984 -0.44035146706716
5.10713727055865 -0.44035146706716
5.10713727055865 -0.44035146706716
5.10713727055865 -0.44035146706716
5.10713727055865 -0.44035146706716
5.10713727055865 -0.435968649369598
5.10713727055865 -0.435968649369598
5.10961622205669 -0.435968649369598
5.10961622205669 -0.435968649369598
5.11404075574044 -0.435968649369598
5.11404075574044 -0.448546865755119
5.11404075574044 -0.448546865755119
5.11044833996637 -0.448546865755119
5.10708379425876 -0.448546865755119
5.10479327692978 -0.442913189941553
5.12419364230292 -0.442913189941553
5.12002228133771 -0.440724659967943
5.12002228133771 -0.440724659967943
5.12069688776064 -0.440724659967943
5.12069688776064 -0.440724659967943
5.12976418001038 -0.439276620688281
5.14526692650581 -0.439276620688281
5.14526692650581 -0.439276620688281
5.13907039369604 -0.439276620688281
5.13183590305202 -0.428407357895994
5.14462893879396 -0.431094172814621
5.15217094026623 -0.421474889429076
5.15217094026623 -0.421474889429076
5.13771670609304 -0.414550966263729
5.13771670609304 -0.414550966263729
5.14180728934811 -0.415292573050906
5.15636198661432 -0.391257744894751
5.15060379743286 -0.401064213890292
5.15060379743286 -0.401064213890292
5.15568719865109 -0.388624855587792
5.15568719865109 -0.388624855587792
5.15568719865109 -0.388624855587792
5.15568719865109 -0.388624855587792
5.15801910712741 -0.395528677432568
5.15801910712741 -0.4016822698872
5.14631392628938 -0.4016822698872
5.14631392628938 -0.4016822698872
5.14631392628938 -0.4016822698872
5.14631392628938 -0.4016822698872
5.14631392628938 -0.4016822698872
5.14631392628938 -0.4016822698872
5.14763055734345 -0.401786627129897
5.13420369903432 -0.401786627129897
5.13709313564644 -0.402138799107125
5.13032296278324 -0.392894595208042
5.13032296278324 -0.392894595208042
5.13032296278324 -0.405647626004001
5.12477872475204 -0.405647626004001
5.12817680176298 -0.401787075857358
5.12682804084732 -0.401787075857358
5.12682804084732 -0.393049648000121
5.13198187921372 -0.400125582708744
5.13482409725698 -0.39432184748857
5.13703533894749 -0.403928836688311
5.13703533894749 -0.402824820911389
5.1325569505775 -0.400999097335781
5.1325569505775 -0.396704818387002
5.1325569505775 -0.396704818387002
5.15144738790764 -0.389934360981641
5.15144738790764 -0.389934360981641
5.15657403809018 -0.409406005996302
5.14942237325972 -0.409406005996302
5.14942237325972 -0.411901219214366
5.14942237325972 -0.411901219214366
5.14942237325972 -0.411901219214366
5.14942237325972 -0.423924654809652
5.14759951883103 -0.423924654809652
5.14759951883103 -0.422768851733425
5.13875946067622 -0.422768851733425
5.13875946067622 -0.424959273618289
5.15639791093232 -0.424959273618289
5.15279013138971 -0.426078943210093
5.15279013138971 -0.426078943210093
5.15279013138971 -0.404823842538422
5.15279013138971 -0.420936910416752
5.15279013138971 -0.420936910416752
5.14342875792302 -0.420936910416752
5.15944500902534 -0.420936910416752
5.15415569479561 -0.420936910416752
5.16143019488637 -0.420936910416752
5.16143019488637 -0.420936910416752
5.16143019488637 -0.429425727585428
5.16143019488637 -0.429425727585428
5.16143019488637 -0.434928865119149
5.15290692774555 -0.428896762120623
5.15290692774555 -0.431066454681349
5.15290692774555 -0.42897602906423
5.15290692774555 -0.42897602906423
5.14422449073371 -0.440505422199868
5.14868443543034 -0.435936471654703
5.14980022728002 -0.435936471654703
5.14980022728002 -0.442014740624593
5.14980022728002 -0.442014740624593
5.14980022728002 -0.436471792733171
5.13923855584554 -0.436471792733171
5.13923855584554 -0.436471792733171
5.13923855584554 -0.436471792733171
5.140786811161 -0.436471792733171
5.140786811161 -0.435638994374318
5.140786811161 -0.438502949249511
5.13906268200061 -0.438502949249511
5.13489471841798 -0.438502949249511
5.13489471841798 -0.438502949249511
5.13489471841798 -0.438502949249511
5.15369601627842 -0.438502949249511
5.14796547847821 -0.438502949249511
5.16001212841439 -0.438502949249511
5.15295648765756 -0.438502949249511
5.14514351320164 -0.438502949249511
5.14514351320164 -0.431782834595747
5.14514351320164 -0.437497987298562
5.14514351320164 -0.433367360430159
5.1447458125169 -0.433367360430159
5.15472734712111 -0.444862292718573
5.15472734712111 -0.444862292718573
5.15472734712111 -0.440062217381044
5.16615140561476 -0.440062217381044
5.16615140561476 -0.440062217381044
5.16615140561476 -0.412865642152605
5.16615140561476 -0.410030435166244
5.16615140561476 -0.413605858371911
5.1631192184161 -0.413605858371911
5.1631192184161 -0.417354711564909
5.1631192184161 -0.417354711564909
5.1631192184161 -0.404036831192607
5.1631192184161 -0.407966075243373
5.1631192184161 -0.407966075243373
5.17641246429842 -0.407966075243373
5.17047847489316 -0.407966075243373
5.17047847489316 -0.392343930417748
5.17053272796849 -0.392343930417748
5.17053272796849 -0.392343930417748
5.1725236480163 -0.392343930417748
5.1725236480163 -0.402723018243229
5.1725236480163 -0.416954679547473
5.1725236480163 -0.402751592736153
5.18184360038495 -0.405294987423892
5.16971963880604 -0.405294987423892
5.16124775208746 -0.405294987423892
5.16124775208746 -0.405294987423892
5.16126104355843 -0.412338671505039
5.16126104355843 -0.413451640872913
5.16126104355843 -0.416140419118071
5.16126104355843 -0.429784927817852
5.17473706335404 -0.429784927817852
5.17473706335404 -0.429784927817852
5.15729158572473 -0.429784927817852
5.1602094198602 -0.4322250931125
5.1602094198602 -0.422221597077876
5.1602094198602 -0.422221597077876
5.1633028808442 -0.422221597077876
5.1633028808442 -0.422221597077876
5.1462922743198 -0.432748196712462
5.1462922743198 -0.429255004383909
5.14816231299229 -0.429255004383909
5.14766588998077 -0.430006160653289
5.15363969069402 -0.440951175141781
5.15877410500548 -0.440951175141781
5.15877410500548 -0.440951175141781
5.15877410500548 -0.440951175141781
5.1594690655641 -0.440951175141781
5.1594690655641 -0.440951175141781
5.15935193505747 -0.440951175141781
5.1572716197915 -0.439157446859981
5.1572716197915 -0.427550821407558
5.15901089172229 -0.427550821407558
5.15901089172229 -0.44053208394683
5.15997922429323 -0.443687086554898
5.15498801533047 -0.443687086554898
5.15498801533047 -0.443687086554898
5.15498801533047 -0.446238382454534
5.14051025444641 -0.453151455191743
5.14051025444641 -0.448175687337744
5.14051025444641 -0.448175687337744
5.14115552257094 -0.443825561512654
5.14115552257094 -0.443825561512654
5.14115552257094 -0.4475873759671
5.14435101620849 -0.4475873759671
5.14435101620849 -0.450602009051442
5.14435101620849 -0.450602009051442
5.15522686592581 -0.456305509395301
5.15522686592581 -0.459621477043274
5.15988142058938 -0.459621477043274
5.15988142058938 -0.465223343761048
5.15220629259474 -0.465223343761048
5.15220629259474 -0.478798018613088
5.15220629259474 -0.459041250177811
5.15220629259474 -0.467126637191528
5.14004098966139 -0.473301004372157
5.14902185973447 -0.467481218666631
5.14902185973447 -0.465941776257934
5.14902185973447 -0.4543715013455
5.14902185973447 -0.454242970332578
5.14902185973447 -0.454242970332578
5.14902185973447 -0.454242970332578
5.13816305344977 -0.460477287127476
5.12313985119612 -0.472246209914996
5.12659399897424 -0.472246209914996
5.12474078192487 -0.472246209914996
5.12474078192487 -0.472656403073867
5.12474078192487 -0.472656403073867
5.12474078192487 -0.472656403073867
5.12100452191611 -0.475004399916779
5.12100452191611 -0.482593470772405
5.11148317387185 -0.471876162515276
5.11967370131737 -0.471876162515276
5.11967370131737 -0.471876162515276
5.11967370131737 -0.472685405801402
5.11967370131737 -0.472685405801402
5.11089434473439 -0.472838012509923
5.11089434473439 -0.472838012509923
5.11089434473439 -0.472838012509923
5.11089434473439 -0.472838012509923
5.0967642330225 -0.472838012509923
5.0967642330225 -0.475439523015107
5.0967642330225 -0.490494614009032
5.0967642330225 -0.490494614009032
5.0967642330225 -0.503175617495016
5.0967642330225 -0.503175617495016
5.0967642330225 -0.503175617495016
5.0967642330225 -0.503175617495016
5.0967642330225 -0.503175617495016
5.08813745599479 -0.496547177518327
5.08813745599479 -0.496547177518327
5.08957456353695 -0.496547177518327
5.08050691070508 -0.496547177518327
5.08050691070508 -0.485593610232543
5.08050691070508 -0.485593610232543
5.08050691070508 -0.485593610232543
5.08050691070508 -0.474722725706654
5.08050691070508 -0.474722725706654
5.05620171204556 -0.474722725706654
5.05620171204556 -0.474722725706654
5.05620171204556 -0.474722725706654
5.05585947931282 -0.489649856770447
5.05585947931282 -0.489649856770447
5.05585947931282 -0.476231740329773
5.05585947931282 -0.476231740329773
5.05694201477501 -0.478397005754163
5.05694201477501 -0.482157065527742
5.0572793619026 -0.493345118382731
5.0572793619026 -0.493345118382731
5.0572793619026 -0.493345118382731
5.05246436443774 -0.492322992784577
5.04395689402527 -0.492322992784577
5.04395689402527 -0.484128078879509
5.04395689402527 -0.484128078879509
5.04395689402527 -0.498062942090936
5.04129600128893 -0.498062942090936
5.06102038402513 -0.498062942090936
5.06865267284822 -0.498062942090936
5.06865267284822 -0.503103935006377
5.05553626036868 -0.503103935006377
5.04039565349975 -0.503103935006377
5.04039565349975 -0.498673646463761
5.04039565349975 -0.490836506895065
5.05035946896752 -0.483774787501799
5.03925909834988 -0.482674655402071
5.03925909834988 -0.472503093278482
5.03925909834988 -0.472503093278482
5.03066594918243 -0.472503093278482
5.02629849311462 -0.472503093278482
5.02629849311462 -0.456321710581601
5.04634456194128 -0.456321710581601
5.04022111465391 -0.456321710581601
5.02620766305972 -0.456321710581601
5.02620766305972 -0.456321710581601
5.02620766305972 -0.452172172836092
5.03094499562173 -0.441528751878706
5.03094356655437 -0.441528751878706
5.03332976542568 -0.443861088831703
5.03332976542568 -0.443861088831703
5.03332976542568 -0.443861088831703
5.02898739049412 -0.443861088831703
5.03072786524046 -0.443861088831703
5.02462710602013 -0.451407689807704
5.02462710602013 -0.447455410212326
5.03732895313318 -0.447455410212326
5.02324543709926 -0.440235858963434
5.02324543709926 -0.440235858963434
5.02324543709926 -0.435675707141245
5.02324543709926 -0.435675707141245
5.02324543709926 -0.435675707141245
5.00710090035945 -0.435675707141245
5.01266806515639 -0.436942096895534
5.01266806515639 -0.436942096895534
4.99963741924659 -0.436942096895534
5.00394652487567 -0.430966795990454
5.00394652487567 -0.430966795990454
5.00394652487567 -0.430600787559934
4.99884350667038 -0.430600787559934
5.0000092837922 -0.430600787559934
4.98984615486879 -0.427002743237695
5.00276137933498 -0.427002743237695
5.00276137933498 -0.416455442844114
5.00473716415566 -0.416455442844114
5.00473716415566 -0.416455442844114
5.02069022502733 -0.416455442844114
5.02069022502733 -0.416455442844114
5.02230798059714 -0.418818035537312
5.02385261635934 -0.415323301770318
5.02385261635934 -0.415323301770318
5.03698797833936 -0.427806731150193
5.03698797833936 -0.427806731150193
5.03072147705552 -0.427806731150193
5.02471780929945 -0.427806731150193
5.02471780929945 -0.427806731150193
5.02430428298977 -0.427806731150193
5.03251360505303 -0.421598730938288
5.02322483333675 -0.421598730938288
5.02322483333675 -0.421598730938288
5.01847671214325 -0.421598730938288
5.01847671214325 -0.418140027270642
5.01847671214325 -0.415790320023526
5.01847671214325 -0.415790320023526
5.02203923909046 -0.415790320023526
5.03092542303001 -0.415790320023526
5.02637090648887 -0.418322903055385
5.02545415737613 -0.418322903055385
5.02545415737613 -0.418322903055385
5.02056397400689 -0.418322903055385
5.01839422412522 -0.418322903055385
5.02052034771519 -0.407472185180142
5.02052034771519 -0.407472185180142
5.02918090412446 -0.407472185180142
5.02918090412446 -0.407472185180142
5.02918090412446 -0.410462551067077
5.03241292251721 -0.410462551067077
5.03241292251721 -0.409524345697711
5.03241292251721 -0.409524345697711
5.03241292251721 -0.396589112697029
5.02882061461179 -0.396589112697029
5.04319070609416 -0.396589112697029
5.02001178948762 -0.396589112697029
5.02383004346868 -0.414892411782703
5.02383004346868 -0.406946610743516
5.02383004346868 -0.406946610743516
5.0244404258482 -0.406946610743516
5.02531520641358 -0.406946610743516
5.02531520641358 -0.406946610743516
5.02531520641358 -0.406946610743516
5.0404217685311 -0.406946610743516
5.0404217685311 -0.406946610743516
5.0404217685311 -0.403573659826343
5.03873260671657 -0.410209271630714
5.03873260671657 -0.412898785598308
5.03198153634664 -0.424451836464117
5.03098039385265 -0.424451836464117
5.04190556997337 -0.424451836464117
5.04190556997337 -0.427433681405875
5.04190556997337 -0.430469732368767
5.04190556997337 -0.430469732368767
5.04190556997337 -0.443150640138764
5.04190556997337 -0.451925041166873
5.04190556997337 -0.451925041166873
5.04402168803592 -0.451925041166873
5.03905478624321 -0.451925041166873
5.03905478624321 -0.451925041166873
5.03905478624321 -0.451925041166873
5.03905478624321 -0.450527315900437
5.05599296070431 -0.450527315900437
5.05599296070431 -0.450527315900437
5.05599296070431 -0.450527315900437
5.05599296070431 -0.450527315900437
5.05599296070431 -0.450527315900437
5.05599296070431 -0.450527315900437
5.05447347185192 -0.452048781610928
5.05447347185192 -0.452048781610928
5.03893793355468 -0.452048781610928
5.03893793355468 -0.449068729696868
5.04289366794524 -0.449068729696868
5.04289366794524 -0.449068729696868
5.04230942658936 -0.449769919280593
5.04230942658936 -0.444682155982116
5.04230942658936 -0.442391360189512
5.04339386022949 -0.442391360189512
5.04339386022949 -0.442391360189512
5.04182884043138 -0.442391360189512
5.04182884043138 -0.442391360189512
5.04182884043138 -0.442391360189512
5.04360872193341 -0.448773597246943
5.04360872193341 -0.448773597246943
5.04360872193341 -0.448773597246943
5.0476027060946 -0.442125919183026
5.0476027060946 -0.442125919183026
5.0476027060946 -0.442125919183026
5.0476027060946 -0.442125919183026
5.05865736169959 -0.4412650089141
5.05865736169959 -0.4412650089141
5.05865736169959 -0.4412650089141
5.05865736169959 -0.4412650089141
5.05865736169959 -0.440402392762948
5.05865736169959 -0.440402392762948
5.06849583042203 -0.451341984942282
5.06849583042203 -0.451341984942282
5.06978342305895 -0.456008051845003
5.06978342305895 -0.456008051845003
5.06569211446873 -0.444294423646156
5.06002052583462 -0.444294423646156
5.06002052583462 -0.444294423646156
5.06002052583462 -0.444294423646156
5.06002052583462 -0.443273565560133
5.06605121045656 -0.440442696167254
5.04929520578817 -0.440442696167254
5.0580217611563 -0.440442696167254
5.0580217611563 -0.455226413359166
5.07038610926658 -0.455226413359166
5.07038610926658 -0.442529928844675
5.0736594241236 -0.442529928844675
5.07508480919824 -0.442529928844675
5.08423899156889 -0.442529928844675
5.08395197363605 -0.442527516890174
5.08579572070198 -0.442527516890174
5.07146992245373 -0.452509622024915
5.07146992245373 -0.45539251085128
5.0786880751398 -0.459455905880396
5.0786880751398 -0.465393472689567
5.06688727548983 -0.465393472689567
5.06688727548983 -0.465393472689567
5.06462633825867 -0.465393472689567
5.07428193171179 -0.465393472689567
5.0615129734681 -0.465393472689567
5.0615129734681 -0.465393472689567
5.06221843861524 -0.465393472689567
5.06221843861524 -0.456300177128817
5.06221843861524 -0.456300177128817
5.06629787990683 -0.456300177128817
5.06629787990683 -0.456300177128817
5.06629787990683 -0.456300177128817
5.06629787990683 -0.456300177128817
5.06629787990683 -0.45602480539571
5.06629787990683 -0.45602480539571
5.05293775143913 -0.463810255343563
5.05677762115101 -0.455658423402786
5.05659547899564 -0.455658423402786
5.05659547899564 -0.455555216299108
5.06592067839014 -0.455555216299108
5.06914984509682 -0.457278613311818
5.06914984509682 -0.457278613311818
5.06914984509682 -0.451200352863024
5.06914984509682 -0.451200352863024
5.08142889141276 -0.432080346992429
5.08879417022778 -0.429376563126557
5.09505918472613 -0.424157108899482
5.09505918472613 -0.424157108899482
5.09505918472613 -0.424157108899482
5.09505918472613 -0.444673522969832
5.10380525810452 -0.444673522969832
5.10380525810452 -0.438771438123932
5.10380525810452 -0.438771438123932
5.10869796096577 -0.438771438123932
5.10869796096577 -0.438644937534024
5.10869796096577 -0.438644937534024
5.10550872474671 -0.438644937534024
5.10550872474671 -0.423096323349255
5.10550872474671 -0.423911744785676
5.10918096688983 -0.432761152720527
5.10918096688983 -0.432761152720527
5.10918096688983 -0.446402381903575
5.10918096688983 -0.435688521818922
5.10918096688983 -0.435688521818922
5.10918096688983 -0.435688521818922
5.10918096688983 -0.454804560581933
5.10918096688983 -0.454804560581933
5.10835071961628 -0.446831054397555
5.10835071961628 -0.444439717171143
5.10998293846653 -0.441105804832412
5.12577439758813 -0.448238418005356
5.12531445030182 -0.448238418005356
5.12531445030182 -0.448238418005356
5.11957809714348 -0.440713225133756
5.11957809714348 -0.429454919358099
5.11957809714348 -0.439616173591293
5.11957809714348 -0.459607343560053
5.11383571268825 -0.457359747927812
5.11383571268825 -0.475957499869326
5.11383571268825 -0.475181381565846
5.1074401965242 -0.482062296237646
5.10365819070496 -0.469420141975338
5.10365819070496 -0.477056131282603
5.10365819070496 -0.477056131282603
5.10365819070496 -0.471510940488898
5.10365819070496 -0.471510940488898
5.10606364708437 -0.471510940488898
5.10606364708437 -0.460976986376402
5.08470428955437 -0.460976986376402
5.09084920133676 -0.460976986376402
5.09084920133676 -0.460976986376402
5.09084920133676 -0.45404363981384
5.10217338506311 -0.45404363981384
5.10217338506311 -0.456909791115205
5.10217338506311 -0.456909791115205
5.10989923431158 -0.456909791115205
5.12930139082224 -0.456909791115205
5.13291484144925 -0.460682119948397
5.11986699151047 -0.460682119948397
5.11986699151047 -0.460682119948397
5.11986699151047 -0.460682119948397
5.10656961915469 -0.464232178315378
5.10656961915469 -0.459664274363112
5.09807921735913 -0.458659089654008
5.08963410092785 -0.458659089654008
5.08963410092785 -0.458941864477839
5.08963410092785 -0.458941864477839
5.08771738137588 -0.458941864477839
5.08771738137588 -0.454334648437978
5.08677710250531 -0.439836452299812
5.08677710250531 -0.444475312321826
5.08115401502954 -0.448622474260571
5.08115401502954 -0.459444688821061
5.07797990746924 -0.456742640315311
5.07797990746924 -0.454865313433798
5.07411474605142 -0.454865313433798
5.07411474605142 -0.454865313433798
5.07335838838436 -0.454865313433798
5.07335838838436 -0.450581050824989
5.07335838838436 -0.450581050824989
5.07605186713042 -0.441037215333233
5.07301436191184 -0.441037215333233
5.07763152025135 -0.441037215333233
5.09715099358346 -0.441037215333233
5.09098283786929 -0.425329318969288
5.09087751776364 -0.425350013340876
5.09087751776364 -0.425350013340876
5.09087751776364 -0.42051460307042
5.09087751776364 -0.42051460307042
5.09087751776364 -0.435586568578332
5.09087751776364 -0.435586568578332
5.09087751776364 -0.439796393919924
5.09087751776364 -0.439796393919924
5.09347998589383 -0.439796393919924
5.09312831818226 -0.439796393919924
5.09312831818226 -0.439796393919924
5.09312831818226 -0.425311505567279
5.09312831818226 -0.436590594089393
5.09312831818226 -0.436590594089393
5.09312831818226 -0.436590594089393
5.09312831818226 -0.442269068113015
5.09312831818226 -0.442269068113015
5.09312831818226 -0.455416551428392
5.09312831818226 -0.445436710313803
5.09044527304919 -0.448643604903442
5.08827375022761 -0.448643604903442
5.08827375022761 -0.440329826944713
5.08827375022761 -0.440030638670902
5.08827375022761 -0.438860488524477
5.08827375022761 -0.438860488524477
5.09318758628015 -0.438860488524477
5.09318758628015 -0.438860488524477
5.10401052625871 -0.434130767987749
5.1127845288301 -0.434766566333205
5.11587592144725 -0.434766566333205
5.11587592144725 -0.434766566333205
5.10315837971879 -0.434766566333205
5.10352890546445 -0.434766566333205
5.10947919863746 -0.441540915091288
5.10947919863746 -0.441540915091288
5.10439126317638 -0.455677950380307
5.10439126317638 -0.445046727850271
5.10439126317638 -0.451831100380762
5.10439126317638 -0.451831100380762
5.10168287901397 -0.451831100380762
5.10168287901397 -0.451831100380762
5.10168287901397 -0.451831100380762
5.10168287901397 -0.451831100380762
5.10168287901397 -0.451831100380762
5.10168287901397 -0.451831100380762
5.08716754735329 -0.45171757490161
5.08716754735329 -0.45171757490161
5.08355701182816 -0.45171757490161
5.08355701182816 -0.45171757490161
5.08355701182816 -0.442950033357915
5.07925987755332 -0.44651052962745
5.07925987755332 -0.43749754588928
5.07925987755332 -0.433377098859563
5.0691467685435 -0.44337230206925
5.0691467685435 -0.44337230206925
5.0691467685435 -0.44337230206925
5.0691467685435 -0.44337230206925
5.0691467685435 -0.441972323686101
5.0691467685435 -0.439236232645482
5.0691467685435 -0.439236232645482
5.0691467685435 -0.438885335234856
5.0691467685435 -0.438885335234856
5.06657424334788 -0.442756544111974
5.06657424334788 -0.429249152992018
5.06976751790627 -0.429249152992018
5.06374654481205 -0.425953815307595
5.05449076820678 -0.439564684653851
5.04904362404555 -0.439564684653851
5.04904362404555 -0.423676094440153
5.04904362404555 -0.423095643579069
5.03380592205786 -0.423095643579069
5.03380592205786 -0.428322275428249
5.03380592205786 -0.440571742150311
5.03376052586162 -0.440571742150311
5.03376052586162 -0.440571742150311
5.03376052586162 -0.440571742150311
5.03376052586162 -0.440571742150311
5.02004107473305 -0.43819039739781
5.02309241980667 -0.443093965113527
5.0164013310384 -0.443093965113527
5.0164013310384 -0.447715802666375
5.02656094931999 -0.447715802666375
5.02656094931999 -0.447715802666375
5.02656094931999 -0.447715802666375
5.02656094931999 -0.455608114782567
5.02656094931999 -0.455608114782567
5.02991475862823 -0.455608114782567
5.02991475862823 -0.460249948123773
5.02991475862823 -0.459855655356703
5.03775952898037 -0.459855655356703
5.03775952898037 -0.448897278478934
5.03960136397783 -0.462224491420139
5.03423830004041 -0.467211991394404
5.03423830004041 -0.467211991394404
5.03918222178179 -0.467211991394404
5.05138373994638 -0.460155698769225
5.04350389461978 -0.460155698769225
5.05290386599394 -0.460155698769225
5.05290386599394 -0.446032354944827
5.05943209564769 -0.446032354944827
5.04536780065281 -0.441604421881806
5.04966291493283 -0.436650239287793
5.04149631744953 -0.436650239287793
5.03992624546271 -0.436650239287793
5.02358553925652 -0.436650239287793
5.02358553925652 -0.436650239287793
5.02874412667377 -0.436650239287793
5.02874412667377 -0.436650239287793
5.02874412667377 -0.436650239287793
5.02874412667377 -0.436650239287793
5.02989441745717 -0.436650239287793
5.03263065120747 -0.436650239287793
5.03263065120747 -0.436650239287793
5.02381100641451 -0.436650239287793
5.02381100641451 -0.436650239287793
5.02381100641451 -0.436650239287793
5.03511680766691 -0.458675586662061
5.03511680766691 -0.458675586662061
5.02972860242619 -0.458675586662061
5.04993773208447 -0.463037263455774
5.051245844256 -0.463037263455774
5.051245844256 -0.463037263455774
5.03630100269042 -0.467687897443304
5.03630100269042 -0.467687897443304
5.0479078633183 -0.467687897443304
5.04005024335805 -0.467687897443304
5.04086941214174 -0.470403883993036
5.04086941214174 -0.470403883993036
5.02758090487694 -0.470403883993036
5.02758090487694 -0.470403883993036
5.05862487722734 -0.470403883993036
5.05862487722734 -0.470403883993036
5.04808939161129 -0.470403883993036
5.04808939161129 -0.470403883993036
5.04808939161129 -0.470403883993036
5.06410496557909 -0.474545796690611
5.06410496557909 -0.476036821558632
5.06410496557909 -0.463769588000425
5.06856715779635 -0.463769588000425
5.06856715779635 -0.463769588000425
5.07130572986809 -0.457573249155648
5.07130572986809 -0.457573249155648
5.08110350449621 -0.457573249155648
5.08110350449621 -0.456970290752688
5.09596079450074 -0.456970290752688
5.08154098061035 -0.456970290752688
5.08154098061035 -0.456970290752688
5.09314578231058 -0.446263192728447
5.09314578231058 -0.446263192728447
5.09314578231058 -0.446263192728447
5.08718684615162 -0.45240384232407
5.08240962605937 -0.45240384232407
5.08240962605937 -0.45240384232407
5.08240962605937 -0.444121350127021
5.08240962605937 -0.444121350127021
5.0877830430011 -0.444121350127021
5.0877830430011 -0.438188130756199
5.08035221453543 -0.438188130756199
5.08035221453543 -0.441453245530395
5.08035221453543 -0.449978944861905
5.08035221453543 -0.449978944861905
5.0845870785802 -0.452478547513026
5.0845870785802 -0.452478547513026
5.0845870785802 -0.452478547513026
5.08943477090333 -0.452478547513026
5.09502208427524 -0.452478547513026
5.10385598878688 -0.440272593503214
5.09861092669826 -0.440272593503214
5.09354660044466 -0.436161943960194
5.09354660044466 -0.436161943960194
5.09354660044466 -0.436161943960194
5.08915652692794 -0.436161943960194
5.08915652692794 -0.427430940194831
5.08915652692794 -0.424361519140461
5.08915652692794 -0.424361519140461
5.08915652692794 -0.42781282585454
5.08915652692794 -0.42781282585454
5.09156451696345 -0.42435269114196
5.08150386444215 -0.42435269114196
5.08150386444215 -0.42435269114196
5.08150386444215 -0.42435269114196
5.08391599859053 -0.42435269114196
5.08622384912664 -0.42435269114196
5.08083978009466 -0.432442448777981
5.08102402001323 -0.435534916996966
5.09508644164908 -0.435534916996966
5.09508644164908 -0.435534916996966
5.09508644164908 -0.435534916996966
5.09627528269021 -0.435534916996966
5.08696230952513 -0.435534916996966
5.08696230952513 -0.435534916996966
5.08696230952513 -0.435534916996966
5.11468509425946 -0.435534916996966
5.11136162968581 -0.435534916996966
5.11136162968581 -0.435534916996966
5.10385413023663 -0.435534916996966
5.08586974175085 -0.427783678637482
5.09476499459797 -0.427783678637482
5.09476499459797 -0.427783678637482
5.09630499384649 -0.427783678637482
5.08840763305105 -0.427783678637482
5.08840763305105 -0.42696836408172
5.10390157251286 -0.42696836408172
5.10194294446117 -0.426159821427217
5.10194294446117 -0.430304850936955
5.10485752894544 -0.430304850936955
5.114973922785 -0.430304850936955
5.114973922785 -0.430304850936955
5.114973922785 -0.426488509793417
5.11276242095786 -0.426488509793417
5.11276242095786 -0.426488509793417
5.11276242095786 -0.426488509793417
5.12086155402469 -0.426488509793417
5.12086155402469 -0.426488509793417
5.12086155402469 -0.426488509793417
5.12086155402469 -0.440602912438071
5.12086155402469 -0.43173414027521
5.12383453256864 -0.43173414027521
5.12383453256864 -0.43173414027521
5.11602888309461 -0.451077867517293
5.11741107433721 -0.462208730979191
5.11741107433721 -0.454337615995443
5.11741107433721 -0.454337615995443
5.11741107433721 -0.456899828505701
5.11741107433721 -0.454696726453662
5.11741107433721 -0.459175445759885
5.11741107433721 -0.459175445759885
5.11741107433721 -0.457880982914319
5.11741107433721 -0.457880982914319
5.12178778966308 -0.456854389599813
5.12365808054884 -0.456854389599813
5.12365808054884 -0.456854389599813
5.12365808054884 -0.456854389599813
5.12365808054884 -0.456854389599813
5.12365808054884 -0.456854389599813
5.12365808054884 -0.456854389599813
5.11913463612394 -0.455657220438753
5.11843544827997 -0.458705556576769
5.11843544827997 -0.448903798152177
5.13223122130457 -0.448903798152177
5.13114038385136 -0.448903798152177
5.13114038385136 -0.448903798152177
5.13114038385136 -0.448903798152177
5.12958713628726 -0.448903798152177
5.12958713628726 -0.448903798152177
5.12958713628726 -0.448903798152177
5.1314107253256 -0.448903798152177
5.14207754421776 -0.448903798152177
5.14207754421776 -0.448903798152177
5.13189286225 -0.440873310723898
5.12400542116141 -0.440873310723898
5.12400542116141 -0.440873310723898
5.12090282225121 -0.440873310723898
5.12090282225121 -0.440873310723898
5.12168022246039 -0.440873310723898
5.12168022246039 -0.440873310723898
5.12168022246039 -0.438740923458054
5.12282290695837 -0.425059998623287
5.12282290695837 -0.425059998623287
5.12282290695837 -0.42823040452281
5.12282290695837 -0.433869803078421
5.12282290695837 -0.434829295623185
5.12677196868238 -0.434829295623185
5.12677196868238 -0.434829295623185
5.12677196868238 -0.43145558238244
5.134667097292 -0.424192603328726
5.134667097292 -0.425835109096902
5.134667097292 -0.425835109096902
5.12190227813813 -0.432068805669329
5.12190227813813 -0.432068805669329
5.12190227813813 -0.425508869012468
5.12766128511059 -0.425508869012468
5.12766128511059 -0.415573893401507
5.12766128511059 -0.420048012092195
5.12161990000093 -0.420048012092195
5.12161990000093 -0.419910663758981
5.1234078107313 -0.419910663758981
5.1234078107313 -0.419910663758981
5.1234078107313 -0.419910663758981
5.1234078107313 -0.419910663758981
5.12924386979169 -0.419910663758981
5.12924386979169 -0.419910663758981
5.12924386979169 -0.419910663758981
5.12924386979169 -0.422694329771031
5.12924386979169 -0.445086065745263
5.12924386979169 -0.43141455683402
5.12924386979169 -0.44179165765755
5.12924386979169 -0.44179165765755
5.12924386979169 -0.442752019524917
5.12924386979169 -0.442752019524917
5.13113686047799 -0.442752019524917
5.13507918851858 -0.447024768748
5.13507918851858 -0.447024768748
5.13037445159163 -0.443596711854402
5.1283756330991 -0.447972713005971
5.1283756330991 -0.456470060314816
5.12847058773092 -0.456470060314816
5.11942351419889 -0.468506836218225
5.11942351419889 -0.458860729529192
5.11996780548893 -0.458860729529192
5.11996780548893 -0.458860729529192
5.11996780548893 -0.450827420784093
5.11996780548893 -0.450313421248906
5.12211134770262 -0.450313421248906
5.12211134770262 -0.459320191680626
5.12211134770262 -0.468196922266596
5.12211134770262 -0.468196922266596
5.12211134770262 -0.469536016009471
5.13859945522223 -0.469536016009471
5.13997989908698 -0.469536016009471
5.11935834011663 -0.469536016009471
5.12749088662918 -0.473964918799433
5.12355311079333 -0.473860723801144
5.12355311079333 -0.473860723801144
5.12355311079333 -0.473860723801144
5.12355311079333 -0.473860723801144
5.12128462119092 -0.466950091090454
5.12128462119092 -0.466950091090454
5.12128462119092 -0.466950091090454
5.12583183568531 -0.466950091090454
5.11120212377659 -0.466950091090454
5.10645316415232 -0.461741847809734
5.10645316415232 -0.459298347855805
5.10645316415232 -0.459298347855805
5.10645316415232 -0.448925629703175
5.10765991081936 -0.454795798297623
5.10765991081936 -0.457765083204316
5.11631896210563 -0.457765083204316
5.1095865328855 -0.457765083204316
5.1095865328855 -0.461258525361382
5.1095865328855 -0.473223157027111
5.10440135795079 -0.447462945636924
5.10678847638319 -0.441362319824208
5.10678847638319 -0.441362319824208
5.10678847638319 -0.441362319824208
5.10678847638319 -0.45665191229007
5.10678847638319 -0.457532358054717
5.10678847638319 -0.446695180842316
5.11800194737074 -0.443029757254237
5.12283150974198 -0.451118398124271
5.12283150974198 -0.451118398124271
5.12283150974198 -0.451520665340608
5.13560706140001 -0.451520665340608
5.13560706140001 -0.442086544789949
5.13515298158879 -0.442086544789949
5.13515298158879 -0.444060491667853
5.14104123752954 -0.444060491667853
5.14104123752954 -0.444060491667853
5.14639041671736 -0.432443196488077
5.14639041671736 -0.426846074605789
5.16901799038081 -0.426846074605789
5.16901799038081 -0.423512610457081
5.17554133413416 -0.432085621605752
5.17554133413416 -0.432085621605752
5.17259960351566 -0.432085621605752
5.17168115291528 -0.427954022761026
5.17168115291528 -0.427954022761026
5.17168115291528 -0.427954022761026
5.17363923540738 -0.427954022761026
5.18468953239842 -0.430039905914815
5.1814115876366 -0.430039905914815
5.18311340900623 -0.428687032649143
5.18284334559685 -0.428687032649143
5.18835997098438 -0.428687032649143
5.18835997098438 -0.428687032649143
5.18835997098438 -0.422065766069415
5.17428934123862 -0.436989630148144
5.17428934123862 -0.436989630148144
5.17428934123862 -0.436989630148144
5.17617422620955 -0.429622984191851
5.18143709830663 -0.429622984191851
5.18143709830663 -0.429622984191851
5.16330657381844 -0.429547842255003
5.14031140921111 -0.432790444953178
5.14182068516599 -0.444659649434913
5.14182068516599 -0.444659649434913
5.15098752420345 -0.444659649434913
5.15098752420345 -0.45367505048405
5.14759963645656 -0.46206070862314
5.15480809500244 -0.460983170002825
5.15886309385672 -0.460983170002825
5.15886309385672 -0.460983170002825
5.15886309385672 -0.460983170002825
5.14688481894558 -0.460983170002825
5.14178136958933 -0.460983170002825
5.14178136958933 -0.458058191058082
5.14178136958933 -0.45564595194739
5.14178136958933 -0.45564595194739
5.15117975927729 -0.45564595194739
5.1458075681145 -0.45564595194739
5.14292955301101 -0.464480521849168
5.14292955301101 -0.46332782179914
5.14578487060497 -0.46332782179914
5.1501700080159 -0.46332782179914
5.1501700080159 -0.46332782179914
5.1501700080159 -0.46332782179914
5.12693277091653 -0.46332782179914
5.12693277091653 -0.46332782179914
5.12068553461022 -0.46332782179914
5.12068553461022 -0.46332782179914
5.12388837886488 -0.46332782179914
5.12388837886488 -0.469514425995045
5.13038615821854 -0.469514425995045
5.13038615821854 -0.469514425995045
5.13201600575489 -0.469514425995045
5.13201600575489 -0.469514425995045
5.13201600575489 -0.478233579371739
5.13201600575489 -0.478233579371739
5.13201600575489 -0.478233579371739
5.12108887290413 -0.472073907743436
5.14208759872714 -0.465335586300013
5.13656938869774 -0.465335586300013
5.13656938869774 -0.465335586300013
5.13234481929219 -0.457588378406554
5.13234481929219 -0.457588378406554
5.12012065642096 -0.457588378406554
5.12012065642096 -0.457588378406554
5.12012065642096 -0.449946186095524
5.12012065642096 -0.459049543143653
5.12012065642096 -0.46073505134324
5.12458028275555 -0.46073505134324
5.12458028275555 -0.452293497057768
5.12458028275555 -0.452293497057768
5.13483881490714 -0.452293497057768
5.12305526418886 -0.452293497057768
5.11689799428946 -0.456207315324402
5.11718157296066 -0.458752524729463
5.12888527383418 -0.458752524729463
5.12888527383418 -0.458752524729463
5.12888527383418 -0.464263570467846
5.12888527383418 -0.464263570467846
5.12252905767449 -0.470478839331016
5.12252905767449 -0.470478839331016
5.12252905767449 -0.478465307871712
5.12252905767449 -0.478465307871712
5.12252905767449 -0.460182958829335
5.12252905767449 -0.460182958829335
5.12196988128286 -0.460182958829335
5.11461053672821 -0.456421433952787
5.11461053672821 -0.456421433952787
5.09587590715815 -0.454065983956295
5.09587590715815 -0.449312608429134
5.09587590715815 -0.452935861016353
5.09587590715815 -0.453077964294955
5.09587590715815 -0.449206009853921
5.09587590715815 -0.45125469289509
5.11037713337038 -0.441317702008706
5.11037713337038 -0.441317702008706
5.10818115898913 -0.441317702008706
5.10818115898913 -0.431503304951629
5.10818115898913 -0.431503304951629
5.10818115898913 -0.454991151224709
5.10818115898913 -0.454991151224709
5.10547741101963 -0.449412393381567
5.09638876910826 -0.437965819985789
5.09211390573897 -0.437965819985789
5.09211390573897 -0.431071675900031
5.09548426851445 -0.431205943158054
5.09446988306216 -0.431205943158054
5.11596253175981 -0.431205943158054
5.11596253175981 -0.434005165054171
5.11308691120872 -0.432542487217324
5.10278190227473 -0.432542487217324
5.09548351392524 -0.432542487217324
5.09548351392524 -0.432542487217324
5.10413686536565 -0.432542487217324
5.08799148016897 -0.432542487217324
5.08799148016897 -0.432542487217324
5.08799148016897 -0.440092293588612
5.07839433695164 -0.440092293588612
5.07839433695164 -0.440092293588612
5.08697259206116 -0.440092293588612
5.09139768442833 -0.440092293588612
5.09139768442833 -0.440092293588612
5.10085222815686 -0.446372507837467
5.10085222815686 -0.445419008751795
5.10085222815686 -0.445419008751795
5.10938334506954 -0.445419008751795
5.10218077687494 -0.445419008751795
5.10218077687494 -0.447545686391814
5.10218077687494 -0.447545686391814
5.10172240612938 -0.447545686391814
5.09395016294441 -0.464894101298077
5.09395016294441 -0.464894101298077
5.09395016294441 -0.443921317316382
5.1078914310279 -0.443921317316382
5.1078914310279 -0.446488144265402
5.1078914310279 -0.445825082220464
5.1078914310279 -0.445825082220464
5.09500711983696 -0.445825082220464
5.09500711983696 -0.445825082220464
5.09500711983696 -0.452375104629341
5.09500711983696 -0.452375104629341
5.09500711983696 -0.452375104629341
5.09500711983696 -0.452375104629341
5.09645979310973 -0.447006496299271
5.09645979310973 -0.461119079534777
5.09645979310973 -0.454344364766418
5.09645979310973 -0.454344364766418
5.09560336010156 -0.454344364766418
5.10399807865192 -0.456947652818964
5.11726358850508 -0.443223828064057
5.11726358850508 -0.443223828064057
5.11726358850508 -0.443223828064057
5.11726358850508 -0.443223828064057
5.11726358850508 -0.443223828064057
5.12537317490059 -0.437830883900381
5.11137965127655 -0.437830883900381
5.11137965127655 -0.423120438921905
5.11137965127655 -0.423120438921905
5.10392563403878 -0.423120438921905
5.09479240750064 -0.433412427020815
5.09479240750064 -0.433412427020815
5.09528467299938 -0.426330093860251
5.09528467299938 -0.426330093860251
5.09528467299938 -0.441598226450432
5.09165124698368 -0.441598226450432
5.05683268722588 -0.450449520393372
5.05683268722588 -0.450449520393372
5.07505641243256 -0.450449520393372
5.07505641243256 -0.450449520393372
5.07505641243256 -0.450449520393372
5.07505641243256 -0.450449520393372
5.07505641243256 -0.451918923576417
5.07505641243256 -0.451918923576417
5.06197586913771 -0.459630048437914
5.05263142765363 -0.459630048437914
5.04435157353247 -0.459630048437914
5.04604567531447 -0.459630048437914
5.04890236829429 -0.452736655476007
5.04890236829429 -0.452736655476007
5.04890236829429 -0.452736655476007
5.04890236829429 -0.468467249957614
5.04584100070145 -0.472190416987294
5.04584100070145 -0.472190416987294
5.04584100070145 -0.472190416987294
5.04584100070145 -0.459600448914411
5.02971250499513 -0.455139794444451
5.04974459894702 -0.471105100454616
5.04334008358453 -0.479650480874856
5.03668352484271 -0.472685213802215
5.03668352484271 -0.472685213802215
5.03668352484271 -0.472685213802215
5.04020922713312 -0.472685213802215
5.04020922713312 -0.463343821679828
5.04020922713312 -0.45308332822808
5.04020922713312 -0.472363186991694
5.04020922713312 -0.449889236998198
5.04020922713312 -0.469009519073763
5.03050271862693 -0.469009519073763
5.03996242561449 -0.469009519073763
5.03996242561449 -0.47800739418237
5.03996242561449 -0.469429929570044
5.0393693226177 -0.469429929570044
5.02487283533257 -0.469429929570044
5.02487283533257 -0.469429929570044
5.02487283533257 -0.469429929570044
5.02487283533257 -0.469429929570044
5.02487283533257 -0.469429929570044
5.04379305704176 -0.469429929570044
5.04379305704176 -0.469429929570044
5.04379305704176 -0.469429929570044
5.04379305704176 -0.469429929570044
5.04379305704176 -0.47086940652587
5.04379305704176 -0.470341976608601
5.04194248096785 -0.471596636477084
5.04194248096785 -0.471596636477084
5.04194248096785 -0.471596636477084
5.04194248096785 -0.469536447197833
5.04194248096785 -0.469536447197833
5.04152094287241 -0.469536447197833
5.04275415165419 -0.469536447197833
5.04110680789024 -0.490250008753853
5.04110680789024 -0.486496577257281
5.04724765709022 -0.480216939208633
5.05263029898937 -0.480216939208633
5.05218977208793 -0.480216939208633
5.04845058916457 -0.479048887004692
5.04845058916457 -0.485132393255595
5.04845058916457 -0.485132393255595
5.04845058916457 -0.485132393255595
5.03526081294933 -0.485132393255595
5.03275758742206 -0.479247960572469
5.03275758742206 -0.478975184240875
5.03275758742206 -0.477407963496834
5.03412945113697 -0.477597087223226
5.03412945113697 -0.477597087223226
5.03412945113697 -0.472266766295001
5.01621433599882 -0.474265023558864
5.03761312748916 -0.474265023558864
5.03761312748916 -0.474265023558864
5.03761312748916 -0.471922301483628
5.03761312748916 -0.471336660515921
5.03352591726565 -0.491744091259126
5.03352591726565 -0.491744091259126
5.0374295373779 -0.480099309139866
5.03554967402335 -0.479692049184986
5.03554967402335 -0.470713373577997
5.06297469451262 -0.470713373577997
5.06297469451262 -0.470713373577997
5.06297469451262 -0.467865032071074
5.06297469451262 -0.467865032071074
5.04716284809113 -0.467865032071074
5.04716284809113 -0.467865032071074
5.04716284809113 -0.467865032071074
5.04716284809113 -0.463243952182237
5.03779519514137 -0.459185541571593
5.03779519514137 -0.459185541571593
5.03779519514137 -0.459185541571593
5.05105100910952 -0.459185541571593
5.05105100910952 -0.459185541571593
5.05105100910952 -0.460309852377372
5.04792150251695 -0.465915684819262
5.04155481553496 -0.464473104231639
5.04155481553496 -0.47021252164009
5.04155481553496 -0.47021252164009
5.04155481553496 -0.47021252164009
5.03726774017406 -0.47021252164009
