4.66770257337502 0.0809337653745468
4.66770257337502 0.0809337653745468
4.6448089677767 0.0809337653745468
4.6448089677767 0.114374372285971
4.64345075094208 0.11190887483144
4.64345075094208 0.11190887483144
4.67947320941291 0.033979050745307
4.71938105036027 0.0293174055334785
4.69094437643373 0.0293174055334785
4.69094437643373 0.0293174055334785
4.69094437643373 0.0293174055334785
4.69094437643373 0.0293174055334785
4.72510757924601 0.0398470875172859
4.7055494249181 0.0538357299252996
4.77779739051406 0.0538357299252996
4.77779739051406 0.0636671444000758
4.7326051826329 0.0636671444000758
4.78201169074828 0.0636671444000758
4.78201169074828 0.0636671444000758
4.77302051045628 0.0636671444000758
4.80362364690664 0.0636671444000758
4.80362364690664 0.0636671444000758
4.80362364690664 0.0636671444000758
4.79940988306553 0.0636671444000758
4.79940988306553 0.0636671444000758
4.79940988306553 0.0636671444000758
4.79940988306553 0.0636671444000758
4.79940988306553 0.0636671444000758
4.73159181284832 0.0521761871817303
4.73159181284832 0.0521761871817303
4.73694646472602 0.0521761871817303
4.73694646472602 0.0521761871817303
4.73694646472602 0.00409836578624298
4.73694646472602 0.00409836578624298
4.73694646472602 0.00409836578624298
4.73694646472602 0.0624943450119772
4.73694646472602 0.0624943450119772
4.73694646472602 0.0624943450119772
4.72380527250745 0.0624943450119772
4.72380527250745 0.0986712058592697
4.72380527250745 0.100793704042304
4.6798628979731 0.118367950151125
4.6798628979731 0.118367950151125
4.6798628979731 0.118367950151125
4.6798628979731 0.0932621641293344
4.647377804941 0.0932621641293344
4.647377804941 0.0932621641293344
4.70513309474565 0.0932621641293344
4.70048462209802 0.0932621641293344
4.70048462209802 0.0932621641293344
4.70048462209802 0.0849534844052962
4.70048462209802 0.0849534844052962
4.68613081245926 0.0839091314751838
4.70852321616183 0.0839091314751838
4.70852321616183 0.0839091314751838
4.70852321616183 0.0589296660113835
4.69833344605708 0.0589296660113835
4.69833344605708 0.0589296660113835
4.69833344605708 0.0589296660113835
4.69833344605708 0.077686183053217
4.69833344605708 0.077686183053217
4.69833344605708 0.110173131132382
4.69833344605708 0.10263009827929
4.69833344605708 0.085245637286606
4.69833344605708 0.085245637286606
4.69833344605708 0.0634628669014593
4.69644383912656 0.0379685261812834
4.6915791496494 0.0317116807683264
4.6915791496494 0.0317116807683264
4.6915791496494 0.00523825030231428
4.70174733932848 -0.007553567911866
4.6371007345482 0.0339613249656245
4.6371007345482 0.061221091384552
4.62234740275971 0.061221091384552
4.62234740275971 0.061221091384552
4.62234740275971 0.061221091384552
4.62234740275971 0.061221091384552
4.62234740275971 0.061221091384552
4.57689730411387 0.061221091384552
4.57689730411387 0.061221091384552
4.57689730411387 0.061221091384552
4.57689730411387 0.0683583191254071
4.58658202828057 0.0683583191254071
4.58658202828057 0.0683583191254071
4.58658202828057 0.0683583191254071
4.58658202828057 0.0714370529626632
4.58658202828057 0.0773688895522015
4.58658202828057 0.0419224468302923
4.59751469155608 0.0419224468302923
4.64629014764734 0.0419224468302923
4.64629014764734 0.0419224468302923
4.64629014764734 0.0419224468302923
4.64629014764734 0.0419224468302923
4.64629014764734 0.0419224468302923
4.64629014764734 0.0313934596757685
4.64629014764734 0.0313934596757685
4.64629014764734 -0.0102838341303454
4.64629014764734 0.0179261282629717
4.67046534993195 0.0178759591728931
4.67046534993195 -0.0134814745179598
4.67046534993195 -0.0134814745179598
4.67046534993195 -0.0450955255093967
4.61276347296598 -0.0450955255093967
4.67456162551332 -0.0450955255093967
4.67456162551332 -0.0450955255093967
4.67456162551332 -0.0450955255093967
4.67456162551332 -0.0146931698901573
4.67456162551332 -0.0267614853405737
4.67456162551332 -0.0198836936774865
4.67456162551332 -0.0132179866103479
4.67456162551332 -0.0132179866103479
4.67456162551332 -0.0132179866103479
4.6727839390967 -0.0132179866103479
4.6727839390967 -0.0132179866103479
4.6727839390967 -0.0132179866103479
4.6727839390967 -0.0132179866103479
4.66870857860626 -0.0132179866103479
4.66870857860626 0.0230691992235361
4.68831338948105 0.00407478710201629
4.68831338948105 0.0171287996139065
4.68831338948105 -0.0388680408892646
4.68831338948105 -0.0388680408892646
4.68831338948105 -0.0474214887415535
4.68831338948105 -0.0474214887415535
4.69362103346481 -0.0474214887415535
4.67843211020769 -0.0263764575006746
4.67843211020769 -0.0217462672317487
4.67843211020769 -0.051019463088161
4.6631945069929 -0.051019463088161
4.6631945069929 -0.051019463088161
4.6631945069929 -0.0208008289955661
4.6631945069929 -0.0208008289955661
4.6631945069929 -0.0208008289955661
4.70671819410733 -0.0208008289955661
4.68459556517567 -0.0208008289955661
4.68405181973771 -0.0157273017877196
4.69103140802057 -0.0157273017877196
4.69103140802057 -0.0157273017877196
4.69103140802057 -0.0335261879756426
4.73577462884723 -0.0335261879756426
4.73577462884723 -0.0481740317792504
4.73470188400276 -0.0506571045218491
4.73711806777048 -0.0501808684059294
4.73711806777048 -0.0501808684059294
4.73711806777048 -0.0501808684059294
4.73711806777048 0.000988807330941824
4.73711806777048 0.000988807330941824
4.66701208738478 0.00544751714333505
4.66701208738478 0.00544751714333505
4.66701208738478 0.00544751714333505
4.65574886154648 0.0076881579093086
4.65574886154648 -0.0186765715335221
4.62707033114941 0.104396893414922
4.62343513628453 0.104396893414922
4.60680428768845 0.104396893414922
4.60511172634635 0.104396893414922
4.60511172634635 0.104396893414922
4.60511172634635 0.104396893414922
4.60511172634635 0.104396893414922
4.60511172634635 0.104302089477178
4.60511172634635 0.104302089477178
4.60511172634635 0.104302089477178
4.67788280267404 0.104302089477178
4.70771374224881 0.091978763305481
4.70274637608662 0.0315311147549052
4.70274637608662 0.0384126856936284
4.67685755051814 0.0384126856936284
4.67685755051814 0.102341740915538
4.61548911511433 0.102341740915538
4.58908336755145 0.102341740915538
4.57999156216006 0.102341740915538
4.57999156216006 0.140249151764697
4.57999156216006 0.127497330975555
4.57999156216006 0.122540013455928
4.55443515320365 0.141645703273291
4.59928114831672 0.141645703273291
4.59928114831672 0.141645703273291
4.53703616463029 0.158213608419668
4.53703616463029 0.158213608419668
4.53703616463029 0.158494019324221
4.53703616463029 0.146908599341476
4.53016172440168 0.146908599341476
4.53016172440168 0.146908599341476
4.53016172440168 0.190425107024614
4.53016172440168 0.190425107024614
4.53016172440168 0.190425107024614
4.50538680450359 0.196854366916102
4.50538680450359 0.186364457732571
4.50538680450359 0.186364457732571
4.49958977519889 0.13918328545067
4.49958977519889 0.13918328545067
4.49958977519889 0.137433490377022
4.49362807878786 0.137433490377022
4.52481833185475 0.137433490377022
4.52481833185475 0.132905608590553
4.52481833185475 0.110344747305805
4.52481833185475 0.110344747305805
4.52481833185475 0.0563891225238352
4.52481833185475 0.0787045784551952
4.44536124981776 0.0787045784551952
4.41381003960738 0.0933797288709126
4.41381003960738 0.114790333604952
4.41381003960738 0.114790333604952
4.41381003960738 0.137662582308889
4.41381003960738 0.10853691940341
4.36922420775822 0.156603331471015
4.40172660446627 0.168049689156681
4.40700589902411 0.168049689156681
4.40700589902411 0.168049689156681
4.44077844866866 0.155085363173668
4.4845730826125 0.155085363173668
4.4645889385964 0.130649887575784
4.4645889385964 0.130649887575784
4.48061216162438 0.147843966263695
4.41161164225075 0.147843966263695
4.41161164225075 0.179230546930647
4.3985554813644 0.179230546930647
4.3985554813644 0.0754695968992936
4.3985554813644 0.0754695968992936
4.41101176587221 0.0754695968992936
4.37773069278716 0.0689891707386904
4.37773069278716 0.0868506417979954
4.37773069278716 0.132506342880602
4.37773069278716 0.132506342880602
4.37271547132071 0.132506342880602
4.366256397167 0.132506342880602
4.366256397167 0.149493392904637
4.366256397167 0.149493392904637
4.30850421219486 0.149493392904637
4.34644294658343 0.149493392904637
4.38039937670099 0.149493392904637
4.39049170130243 0.149493392904637
4.36266950264109 0.149493392904637
4.40482113219198 0.149493392904637
4.38936537141809 0.156674129589974
4.39895692891126 0.156674129589974
4.38978486296251 0.156674129589974
4.38158892998571 0.156674129589974
4.38158892998571 0.156674129589974
4.40917223195957 0.181415940395139
4.39598916200558 0.181415940395139
4.39598916200558 0.181415940395139
4.39598916200558 0.181415940395139
4.39598916200558 0.170786450755205
4.39598916200558 0.170786450755205
4.39598916200558 0.170786450755205
4.39118377563005 0.170786450755205
4.38422059487443 0.170786450755205
4.38422059487443 0.170786450755205
4.38422059487443 0.170786450755205
4.38422059487443 0.170786450755205
4.38422059487443 0.19695506908454
4.38422059487443 0.19695506908454
4.38422059487443 0.189253036024201
4.38422059487443 0.189253036024201
4.31075323082037 0.189253036024201
4.31075323082037 0.189253036024201
4.30601950512502 0.215455807454694
4.30080257470888 0.204185412892917
4.30080257470888 0.130392001809428
4.30080257470888 0.130392001809428
4.30080257470888 0.130392001809428
4.30080257470888 0.130392001809428
4.31386182821024 0.130392001809428
4.31386182821024 0.130392001809428
4.34520898442692 0.0573769349418748
4.36109259917453 0.0573769349418748
4.36109259917453 0.0573769349418748
4.36109259917453 0.0573769349418748
4.42282203769622 0.0475145835783017
4.42282203769622 -0.0114475348204493
4.42282203769622 0.0093666102829656
4.42282203769622 0.0093666102829656
4.42282203769622 -0.000122960140894569
4.42282203769622 -0.0203153903435257
4.38054292500047 -0.0203153903435257
4.35396080618055 -0.0203153903435257
4.35396080618055 0.00739637115791071
4.40030389067849 0.00739637115791071
4.40030389067849 0.00739637115791071
4.40030389067849 0.00284824533956832
4.3873519031141 0.00284824533956832
4.3873519031141 0.00284824533956832
4.40135881116207 -0.0836059649603336
4.40135881116207 -0.0836059649603336
4.46685177997039 -0.0836059649603336
4.40351821419509 -0.0836059649603336
4.40351821419509 -0.0836059649603336
4.40351821419509 -0.0352819496208242
4.40351821419509 -0.0352819496208242
4.40171241168131 -0.093306627220746
4.40171241168131 -0.0801961013033794
4.40171241168131 -0.0801961013033794
4.40739654544384 -0.0801961013033794
4.38835012666857 -0.0856487675394797
4.38835012666857 -0.08783940480099
4.35088922119146 -0.0481294474941701
4.37446493910321 -0.034916300475277
4.37446493910321 -0.0433966006504886
4.36704255360954 -0.0697247696742772
4.36704255360954 -0.0697247696742772
4.36704255360954 -0.0697247696742772
4.36704255360954 -0.0949748395356285
4.3248964633179 -0.0949748395356285
4.35803365907041 -0.0949748395356285
4.35803365907041 -0.172152105528979
4.34847025428354 -0.171003448937615
4.34847025428354 -0.154834214016579
4.34847025428354 -0.154834214016579
4.34847025428354 -0.163505998864026
4.34847025428354 -0.163505998864026
4.29270698603474 -0.185669500830775
4.29270698603474 -0.170679649781684
4.29270698603474 -0.170679649781684
4.31602885162336 -0.170679649781684
4.31602885162336 -0.170679649781684
4.29937165311671 -0.178100453028025
4.29937165311671 -0.199231150548399
4.27718245282125 -0.199231150548399
4.27718245282125 -0.243696201887453
4.26609898033782 -0.183652337427694
4.26609898033782 -0.197049204068552
4.3531722347281 -0.230794779313433
4.36337820082129 -0.195553432758312
4.34403930955663 -0.195553432758312
4.34403930955663 -0.203110075387979
4.34403930955663 -0.189970167336987
4.34403930955663 -0.189970167336987
4.34403930955663 -0.19720934331348
4.33413017637883 -0.19720934331348
4.30254324292604 -0.19720934331348
4.30254324292604 -0.198886156678202
4.3021932687048 -0.198886156678202
4.3021932687048 -0.198886156678202
4.3021932687048 -0.198886156678202
4.3021932687048 -0.198886156678202
4.3021932687048 -0.165214570898294
4.3021932687048 -0.165214570898294
4.28734226114133 -0.15943453514577
4.21756118735192 -0.140083952764599
4.22716458682487 -0.140083952764599
4.22716458682487 -0.140083952764599
4.24074667443515 -0.140083952764599
4.24074667443515 -0.140083952764599
4.24074667443515 -0.140083952764599
4.24074667443515 -0.177460694029247
4.24074667443515 -0.177460694029247
4.24074667443515 -0.175352721513534
4.21247944162537 -0.175352721513534
4.21247944162537 -0.16588032956997
4.21693290884365 -0.166054744206239
4.15860568322343 -0.166054744206239
4.15860568322343 -0.120699279107976
4.15860568322343 -0.120699279107976
4.1699506028092 -0.120699279107976
4.1699506028092 -0.120699279107976
4.15794122888896 -0.117323647548418
4.15794122888896 -0.109465034728965
4.1444201671913 -0.109465034728965
4.1444201671913 -0.109465034728965
4.15469927077773 -0.0726472236930422
4.16205260429641 -0.0726472236930422
4.16205260429641 -0.0726472236930422
4.16205260429641 -0.0886408773264454
4.16205260429641 -0.0682508769723695
4.10684690223303 -0.0682508769723695
4.10684690223303 -0.0682508769723695
4.10684690223303 -0.0682508769723695
4.10684690223303 -0.0682508769723695
4.10169890070254 -0.103230830155487
4.10169890070254 -0.0551558566787115
4.10169890070254 -0.0551558566787115
4.20522065453068 -0.0601930401650015
4.17793737085918 -0.0763926660129431
4.10640772112152 -0.0763926660129431
4.10640772112152 -0.0763926660129431
4.10640772112152 -0.0763926660129431
4.10640772112152 -0.0763926660129431
4.12865891290071 -0.115210195513565
4.12865891290071 -0.115210195513565
4.09200784435858 -0.115210195513565
4.08085147515036 -0.115210195513565
4.11021402819001 -0.115210195513565
4.11021402819001 -0.115210195513565
4.11021402819001 -0.115210195513565
4.11021402819001 -0.115210195513565
4.11021402819001 -0.0426166112095151
4.11021402819001 -0.0426166112095151
4.11021402819001 -0.0426166112095151
4.11021402819001 -0.0426166112095151
4.11021402819001 -0.0426166112095151
4.13936615491467 -0.0470255969299752
4.14745587030157 -0.0470255969299752
4.17563593582125 -0.138601386761279
4.18481547328404 -0.138601386761279
4.17922737391891 -0.201298166981575
4.14213196393989 -0.201298166981575
4.14213196393989 -0.199359523086564
4.13922079432334 -0.200371592911641
4.16131337563618 -0.209704411199186
4.22600276387606 -0.209704411199186
4.22600276387606 -0.169045356345739
4.22600276387606 -0.169045356345739
4.23628309436265 -0.182647630500729
4.23628309436265 -0.182647630500729
4.22024226249844 -0.182647630500729
4.22024226249844 -0.182647630500729
4.3730659170867 -0.195845256392
4.3730659170867 -0.212802137358104
4.3730659170867 -0.212802137358104
4.3730659170867 -0.212802137358104
4.37200532020695 -0.206175695723065
4.37200532020695 -0.257743911435688
4.37200532020695 -0.257743911435688
4.37200532020695 -0.257743911435688
4.37200532020695 -0.255409589970923
4.37200532020695 -0.268328340128387
4.37637910336949 -0.268328340128387
4.38016850892902 -0.26905156483368
4.42110983543585 -0.26905156483368
4.40318836185516 -0.277536168396773
4.40318836185516 -0.277536168396773
4.40318836185516 -0.277536168396773
4.40318836185516 -0.277082455417663
4.40318836185516 -0.277082455417663
4.40318836185516 -0.317790169635623
4.40318836185516 -0.317790169635623
4.40318836185516 -0.317790169635623
4.40318836185516 -0.317790169635623
4.40318836185516 -0.330212546486542
4.40318836185516 -0.330212546486542
4.40039021156826 -0.360950269964759
4.40039021156826 -0.360950269964759
4.42646426321221 -0.360950269964759
4.42646426321221 -0.360950269964759
4.42646426321221 -0.360950269964759
4.42646426321221 -0.360950269964759
4.42646426321221 -0.360950269964759
4.45884354654266 -0.360950269964759
4.4695059063882 -0.360950269964759
4.4695059063882 -0.360950269964759
4.46725728664592 -0.360950269964759
4.47510217760345 -0.360950269964759
4.47510217760345 -0.360950269964759
4.47510217760345 -0.335573760167969
4.47510217760345 -0.335573760167969
4.45457639618475 -0.375086859286751
4.45457639618475 -0.381128473350059
4.45457639618475 -0.381128473350059
4.45457639618475 -0.381128473350059
4.45457639618475 -0.358054638259409
4.45457639618475 -0.358054638259409
4.44830518039091 -0.399440667795428
4.54044424217795 -0.413472666902192
4.56027146217452 -0.398704997238282
4.56027146217452 -0.398704997238282
4.49602963331308 -0.398704997238282
4.50679022378558 -0.41451622800177
4.50792346753981 -0.41451622800177
4.54961175202538 -0.41451622800177
4.54961175202538 -0.41451622800177
4.54961175202538 -0.41451622800177
4.54961175202538 -0.41451622800177
4.54961175202538 -0.41451622800177
4.54961175202538 -0.367467081488902
4.54822277040015 -0.38139556950758
4.54822277040015 -0.38139556950758
4.54822277040015 -0.38139556950758
4.47768205619841 -0.38139556950758
4.4701929057973 -0.38139556950758
4.4701929057973 -0.38139556950758
4.53784101951519 -0.38139556950758
4.53784101951519 -0.38139556950758
4.53784101951519 -0.43709568471845
4.54487111260138 -0.441599222569552
4.50432860718711 -0.437207357594539
4.50765100832725 -0.437207357594539
4.57453928739693 -0.437207357594539
4.49995036599054 -0.437207357594539
4.49995036599054 -0.382361024511806
4.49995036599054 -0.365834083367637
4.52712503167292 -0.364261126874059
4.52712503167292 -0.376690038049545
4.51738666445029 -0.376690038049545
4.51954097640265 -0.376690038049545
4.50447986163208 -0.376690038049545
4.50447986163208 -0.376690038049545
4.50447986163208 -0.391577099560952
4.53456492351743 -0.428303122149844
4.52192685640775 -0.34486952740419
4.48627102005427 -0.34486952740419
4.48627102005427 -0.34486952740419
4.55930627395208 -0.34486952740419
4.54732023978063 -0.34486952740419
4.51914686863081 -0.342625120726514
4.49970196345863 -0.3200442003222
4.47658940231159 -0.274201114804363
4.47658940231159 -0.274201114804363
4.47658940231159 -0.274201114804363
4.50775276038142 -0.274201114804363
4.50775276038142 -0.287400995626085
4.51457344101195 -0.287400995626085
4.46498978795895 -0.265279470138616
4.44409125981935 -0.265279470138616
4.4230691252366 -0.265279470138616
4.39675558514301 -0.265279470138616
4.39675558514301 -0.265816792629914
4.39559877679969 -0.207185518113967
4.42978913107903 -0.228270607625643
4.37249180949879 -0.228270607625643
4.37249180949879 -0.215759829110208
4.37249180949879 -0.144768962281241
4.37249180949879 -0.144768962281241
4.37249180949879 -0.177077225113134
4.37249180949879 -0.136922949689726
4.41242888056913 -0.136922949689726
4.46239154545679 -0.136922949689726
4.40807313698246 -0.136922949689726
4.40807313698246 -0.0624851157208275
4.36276746234683 -0.0624851157208275
4.40196875609478 -0.0624851157208275
4.35029260018241 -0.0624851157208275
4.37125728420579 -0.0624851157208275
4.37125728420579 -0.0624851157208275
4.37125728420579 -0.0624851157208275
4.37125728420579 -0.0624851157208275
4.38892812755568 -0.0624851157208275
4.38892812755568 -0.110509212166184
4.46338026022618 -0.132773775710302
4.46338026022618 -0.132773775710302
4.46338026022618 -0.132773775710302
4.42309923789006 -0.132773775710302
4.47680231851012 -0.141046219487141
4.47311626662557 -0.141046219487141
4.40587748654326 -0.127115261367056
4.40587748654326 -0.174054528992585
4.40587748654326 -0.162690984498723
4.40587748654326 -0.100993557719379
4.40587748654326 -0.0926759654505946
4.35112397477702 -0.0926759654505946
4.35112397477702 -0.0904499075734268
4.362758115253 -0.0904499075734268
4.362758115253 -0.0904499075734268
4.362758115253 -0.0904499075734268
4.362758115253 -0.130536145625612
4.3835343204991 -0.0962918353929962
4.3835343204991 -0.121580920185604
4.3835343204991 -0.11615167479148
4.3835343204991 -0.11615167479148
4.3835343204991 -0.11615167479148
4.3447542538535 -0.11615167479148
4.3447542538535 -0.11615167479148
4.347231676213 -0.11615167479148
4.339822058411 -0.11615167479148
4.339822058411 -0.118985126518286
4.339822058411 -0.175442796460432
4.33758468694758 -0.175442796460432
4.33758468694758 -0.175442796460432
4.35125411034092 -0.175442796460432
4.30904240925979 -0.175442796460432
4.30904240925979 -0.175442796460432
4.30904240925979 -0.175442796460432
4.30904240925979 -0.180132045226283
4.30904240925979 -0.159530256786803
4.30904240925979 -0.159530256786803
4.30904240925979 -0.159530256786803
4.2695269003688 -0.159530256786803
4.36529151054871 -0.159530256786803
4.28548947413586 -0.159530256786803
4.28548947413586 -0.162529498085827
4.28548947413586 -0.211850147178901
4.31746887405399 -0.269404403998224
4.33028861924634 -0.269404403998224
4.36149152962527 -0.269404403998224
4.36149152962527 -0.294571884511093
4.35327061650693 -0.280975548411949
4.33520482131548 -0.280975548411949
4.34090638157135 -0.280975548411949
4.33838164158986 -0.234837361560142
4.33838164158986 -0.234837361560142
4.33838164158986 -0.231924348670601
4.33838164158986 -0.27915906947699
4.33838164158986 -0.27915906947699
4.33838164158986 -0.27915906947699
4.33838164158986 -0.251707772945759
4.33838164158986 -0.267755881484087
4.33838164158986 -0.334751843523502
4.33838164158986 -0.326795423368375
4.33838164158986 -0.326795423368375
4.33838164158986 -0.326795423368375
4.33838164158986 -0.326795423368375
4.33838164158986 -0.371810642412725
4.41811496891908 -0.424585794783106
4.44144302851754 -0.384704915399313
4.36297831177398 -0.384704915399313
4.40505761674097 -0.346581782412845
4.40505761674097 -0.31845750088213
4.40453648268928 -0.31845750088213
4.39835405462172 -0.31845750088213
4.39835405462172 -0.31845750088213
4.43219551719648 -0.31845750088213
4.43219551719648 -0.35597514052351
4.43219551719648 -0.346599459397335
4.42794657428171 -0.329135657414343
4.47113591658584 -0.327278741924849
4.47113591658584 -0.327278741924849
4.47113591658584 -0.327278741924849
4.47113591658584 -0.326188191520842
4.47113591658584 -0.326188191520842
4.47113591658584 -0.326188191520842
4.46116748353951 -0.331312799430997
4.46116748353951 -0.331312799430997
4.55032119258427 -0.331312799430997
4.55032119258427 -0.317745375819174
4.55032119258427 -0.317745375819174
4.55032119258427 -0.323789388909458
4.55032119258427 -0.363930767495035
4.53493876673382 -0.346535936171373
4.53493876673382 -0.346535936171373
4.53493876673382 -0.346535936171373
4.53493876673382 -0.346535936171373
4.53493876673382 -0.346535936171373
4.53493876673382 -0.364866173668819
4.50155331629662 -0.364866173668819
4.54271170128657 -0.364866173668819
4.5337815213861 -0.387237705904903
4.5337815213861 -0.387237705904903
4.5337815213861 -0.355627760214864
4.5337815213861 -0.355627760214864
4.54201082109626 -0.355627760214864
4.54201082109626 -0.346579672366076
4.54201082109626 -0.350484938612687
4.54366771425669 -0.350484938612687
4.54366771425669 -0.350484938612687
4.56660990586118 -0.393499967924503
4.57462599476881 -0.393499967924503
4.57462599476881 -0.321796236503344
4.57462599476881 -0.31298205840904
4.56584961399379 -0.3457198347472
4.56584961399379 -0.3457198347472
4.56584961399379 -0.3457198347472
4.56584961399379 -0.359704469283536
4.57688953824101 -0.302930341805684
4.57861596815151 -0.302930341805684
4.48326920640413 -0.263336047829568
4.48326920640413 -0.263336047829568
4.48326920640413 -0.316159712297858
4.61153989682348 -0.316159712297858
4.61153989682348 -0.330621965141018
4.61153989682348 -0.330621965141018
4.61153989682348 -0.330621965141018
4.59599156429246 -0.345058666880035
4.58973482437999 -0.379923003542616
4.60546863621813 -0.350261561926125
4.60546863621813 -0.340852519739784
4.5548555620606 -0.340852519739784
4.56634590261262 -0.340852519739784
4.60013551522416 -0.340852519739784
4.60157900289665 -0.319988885234127
4.60157900289665 -0.319988885234127
4.59334933120987 -0.319988885234127
4.59334933120987 -0.31100159841421
4.59334933120987 -0.31100159841421
4.49626908910705 -0.297131182250105
4.50956417804789 -0.287893452360215
4.50956417804789 -0.287893452360215
4.50956417804789 -0.287893452360215
4.50956417804789 -0.285034078733239
4.50956417804789 -0.285034078733239
4.55604500389084 -0.30014185627783
4.55604500389084 -0.30014185627783
4.58711522521015 -0.283094196699829
4.61360110016512 -0.283094196699829
4.60522244894192 -0.250992847197942
4.60522244894192 -0.250992847197942
4.60522244894192 -0.250992847197942
4.60522244894192 -0.230514170525843
4.56502900880847 -0.230514170525843
4.58253258241219 -0.230514170525843
4.58253258241219 -0.230514170525843
4.58253258241219 -0.277710592653744
4.58737890808846 -0.279491961834256
4.57331768103818 -0.300924257507992
4.59555904561447 -0.300924257507992
4.61755623089074 -0.308850272814476
4.56081486128609 -0.183676760787911
4.55457588120925 -0.249737438977213
4.56665206271868 -0.249737438977213
4.63973332594649 -0.277066640769437
4.63973332594649 -0.277066640769437
4.66095367967987 -0.277066640769437
4.66095367967987 -0.262722269728922
4.66095367967987 -0.25805046233918
4.66095367967987 -0.25805046233918
4.64960536498367 -0.25805046233918
4.68105731448125 -0.275829999037255
4.68275904940252 -0.275829999037255
4.70468795853536 -0.281271598441126
4.73547246148314 -0.281271598441126
4.73547246148314 -0.281271598441126
4.74342885680433 -0.281271598441126
4.7798226235163 -0.2599956803848
4.78347796826373 -0.2599956803848
4.78347796826373 -0.243878143161149
4.76851688594174 -0.243878143161149
4.77017448386739 -0.237840325241812
4.80879791562097 -0.25247370431958
4.80879791562097 -0.25247370431958
4.80879791562097 -0.25247370431958
4.80879791562097 -0.261373003059596
4.82064565666805 -0.2701161884248
4.85547334012503 -0.2701161884248
4.84367621630049 -0.2701161884248
4.84367621630049 -0.281414205348305
4.84367621630049 -0.281414205348305
4.84367621630049 -0.281414205348305
4.86498025914062 -0.281414205348305
4.86498025914062 -0.224897751868559
4.86498025914062 -0.224897751868559
4.84796495689732 -0.224897751868559
4.84796495689732 -0.185239094106991
4.84796495689732 -0.185239094106991
4.84796495689732 -0.185239094106991
4.84796495689732 -0.181641613753854
4.84796495689732 -0.159515275629825
4.86317069810482 -0.184463889607179
4.86317069810482 -0.164069978050068
4.86317069810482 -0.164069978050068
4.86317069810482 -0.164069978050068
4.86317069810482 -0.164069978050068
4.85769094576551 -0.161658230161203
4.85769094576551 -0.161658230161203
4.87453409049187 -0.161658230161203
4.86477102407353 -0.161658230161203
4.86477102407353 -0.161658230161203
4.83739707972115 -0.138593192679456
4.83200839778563 -0.138593192679456
4.83979225450139 -0.108368747843902
4.85403604257888 -0.108368747843902
4.85403604257888 -0.104428892843973
4.85403604257888 -0.128084284501508
4.85653727379748 -0.120830811397307
4.78054098398473 -0.0613753602661348
4.78054098398473 -0.0613753602661348
4.78054098398473 -0.102737805962362
4.78054098398473 -0.102737805962362
4.78054098398473 -0.0608133966216978
4.73263005107002 -0.0620528573841533
4.73806004538191 -0.0953679571659241
4.75489071126314 -0.0953679571659241
4.79820460265993 -0.0953679571659241
4.79820460265993 -0.0387282726455872
4.79820460265993 -0.0387282726455872
4.79820460265993 -0.078114571881652
4.79820460265993 -0.078114571881652
4.78254187226129 -0.078114571881652
4.78254187226129 -0.078114571881652
4.78254187226129 -0.078114571881652
4.78254187226129 -0.078114571881652
4.78254187226129 -0.113944986283962
4.76191820247177 -0.118011155261432
4.76191820247177 -0.0463975170506026
4.75039231383491 -0.0463975170506026
4.74962142552866 -0.0432042370809768
4.74962142552866 -0.0758629944700699
4.7582807581851 -0.0758629944700699
4.7582807581851 -0.0748928457839211
4.73004226245137 -0.123767865064203
4.7734913162015 -0.0615648972545301
4.77809660408035 -0.0372952120703608
4.77809660408035 -0.0372952120703608
4.73546222986473 0.00019161726212788
4.73546222986473 0.00019161726212788
4.73546222986473 0.00019161726212788
4.73546222986473 0.00019161726212788
4.71420750038969 0.00019161726212788
4.69771778085255 0.00019161726212788
4.72936827347633 0.00019161726212788
4.73458672831835 0.0147824086950262
4.73458672831835 0.0147824086950262
4.73458672831835 0.0147824086950262
4.75129859235236 0.01689094178337
4.75129859235236 0.01689094178337
4.73085802462361 0.0112437298003476
4.72995052091581 -0.0383137894493934
4.75978948536936 -0.0383137894493934
4.75978948536936 -0.0383137894493934
4.75978948536936 -0.0383137894493934
4.75978948536936 -0.089397493405835
4.75978948536936 -0.089397493405835
4.757714934092 -0.107961893494896
4.72542415544636 -0.107961893494896
4.72542415544636 -0.107961893494896
4.72453065150305 -0.105274327069389
4.72453065150305 -0.059178105471823
4.71829571618759 -0.059178105471823
4.71829571618759 -0.059178105471823
4.71829571618759 -0.0309665648320883
4.72483823067642 -0.0309665648320883
4.7372232836487 -0.0440442114726044
4.7372232836487 -0.0440442114726044
4.7372232836487 -0.049624330455336
4.74985203667352 -0.049624330455336
4.74985203667352 -0.049624330455336
4.74985203667352 -0.0391163856677473
4.74985203667352 -0.00419659654628295
4.719376537277 -0.00419659654628295
4.719376537277 -0.00419659654628295
4.719376537277 0.0289860493850777
4.76745259634881 0.0324994041987179
4.74964744615058 0.0837305176310997
4.74964744615058 0.0801006957810898
4.7049390932721 0.124972302799976
4.7049390932721 0.124972302799976
4.71911873750956 0.0795271115287371
4.71911873750956 0.0806884332619488
4.71911873750956 0.0726647065508469
4.71911873750956 0.0429223511785243
4.69156227601109 0.0393535257576403
4.71556015576348 0.0393535257576403
4.71556015576348 0.0393535257576403
4.71556015576348 0.00143138216837178
4.71556015576348 0.00143138216837178
4.71556015576348 0.0399608619197224
4.71556015576348 0.0504389191500999
4.71556015576348 0.0504389191500999
4.71556015576348 0.0543439670860266
4.71177222822197 0.0487659763360068
4.70915893085507 0.0487659763360068
4.70915893085507 0.0674421958465509
4.70915893085507 0.0674421958465509
4.70915893085507 0.0249814318747936
4.70915893085507 0.0249814318747936
4.70915893085507 0.0562009086846901
4.70915893085507 0.0562009086846901
4.70915893085507 0.0562009086846901
4.70915893085507 0.0997297216017879
4.70915893085507 0.0997297216017879
4.73243734521619 0.0997297216017879
4.71653289769538 0.0997297216017879
4.6985458864523 0.083651626705976
4.6985458864523 0.083651626705976
4.6985458864523 0.083651626705976
4.6985458864523 0.0891164005622566
4.6985458864523 0.0891164005622566
4.66509847622469 0.090691554746554
4.6733287658352 0.090691554746554
4.68144149888867 0.0569242843935785
4.68144149888867 0.0569242843935785
4.68144149888867 0.0569242843935785
4.68144149888867 0.0457667639792788
4.68144149888867 0.074637356919807
4.68144149888867 0.074637356919807
4.68144149888867 0.107670219401085
4.68466385261248 0.124708588606655
4.68466385261248 0.0227037912449176
4.68466385261248 0.0227037912449176
4.66786268816778 0.0227037912449176
4.74006493798695 -0.0386414927672417
4.74006493798695 -0.00604815691411611
4.65569109737731 0.0367927477623221
4.65569109737731 0.0367927477623221
4.65569109737731 0.0530906410097123
4.65569109737731 0.0530906410097123
4.65569109737731 0.0708235901167765
4.66184690337347 0.0708235901167765
4.69696682794727 0.0708235901167765
4.69696682794727 0.0708235901167765
4.69696682794727 0.0848177057153858
4.69696682794727 0.0848177057153858
4.69696379782912 0.0848177057153858
4.69696379782912 0.0848177057153858
4.69696379782912 0.0848177057153858
4.68513051706727 0.091311083143619
4.7124540767241 0.091311083143619
4.69707520809095 0.091311083143619
4.69707520809095 0.167045653273416
4.65556638887066 0.167045653273416
4.64186914097913 0.167045653273416
4.64186914097913 0.130460742732364
4.64186914097913 0.164935236224077
4.6336020354548 0.145608118866029
4.6336020354548 0.16207398001721
4.6336020354548 0.16207398001721
4.63767665832146 0.104462414574819
4.63767665832146 0.104462414574819
4.63767665832146 0.104462414574819
4.69139062567017 0.123895777212182
4.68942723400968 0.0975097655179757
4.65134848781763 0.143524988303587
4.64596071667011 0.163498591916418
4.64596071667011 0.163498591916418
4.64596071667011 0.163498591916418
4.6545768015331 0.12151392217787
4.6545768015331 0.122833451228158
4.68618571400229 0.106532997080164
4.68618571400229 0.106532997080164
4.68618571400229 0.140357261595651
4.68618571400229 0.140357261595651
4.68618571400229 0.140357261595651
4.68509885213023 0.140357261595651
4.68509885213023 0.140357261595651
4.68509885213023 0.140357261595651
4.68509885213023 0.140357261595651
4.68509885213023 0.140357261595651
4.64785842909323 0.140357261595651
4.65080014656899 0.140357261595651
4.64632448737053 0.140357261595651
4.64632448737053 0.140357261595651
4.66553268425537 0.15172957947028
4.66553268425537 0.128951352411211
4.63967645947885 0.153857688680758
4.6211524632429 0.170746310227199
4.60662949443747 0.224167152529632
4.60662949443747 0.224167152529632
4.62547552122364 0.224167152529632
4.5934895600367 0.223309335312787
4.64446483346993 0.223309335312787
4.64446483346993 0.189490357730825
4.64446483346993 0.189490357730825
4.64446483346993 0.189490357730825
4.64446483346993 0.189490357730825
4.60562799624301 0.189490357730825
4.60562799624301 0.189490357730825
4.5924759794592 0.189490357730825
4.58527855947327 0.189490357730825
4.5922294249694 0.17525822562298
4.5922294249694 0.145314992379737
4.5922294249694 0.145314992379737
4.59285504793596 0.145314992379737
4.58039606124835 0.145314992379737
4.58039606124835 0.170393524642496
4.58039606124835 0.158385322799106
4.58039606124835 0.163110842288107
4.58942213889554 0.163110842288107
4.58942213889554 0.163110842288107
4.58942213889554 0.163110842288107
4.58942213889554 0.176595918120664
4.58942213889554 0.196074040169219
4.55084813333144 0.196074040169219
4.54199618823261 0.196074040169219
4.54199618823261 0.19842106524324
4.54199618823261 0.172748714680606
4.54199618823261 0.172748714680606
4.54199618823261 0.195461277962771
4.54199618823261 0.195461277962771
4.5328957899203 0.195461277962771
4.5328957899203 0.24404318666025
4.5328957899203 0.24404318666025
4.54234028886738 0.24404318666025
4.54234028886738 0.24404318666025
4.54234028886738 0.218649295838338
4.54234028886738 0.218649295838338
4.54234028886738 0.218649295838338
4.54234028886738 0.205546431371483
4.56388357799774 0.205546431371483
4.55293616896215 0.205546431371483
4.55293616896215 0.205546431371483
4.56136518853238 0.205546431371483
4.54596298036823 0.154237970015185
4.56372491869389 0.137884346961971
4.56372491869389 0.122772512674344
4.56372491869389 0.108409775034022
4.56372491869389 0.108409775034022
4.58829114453285 0.108409775034022
4.58829114453285 0.127344251362041
4.58829114453285 0.0941608090912481
4.58615912627854 0.0941608090912481
4.58615912627854 0.0941608090912481
4.56416796595043 0.0941608090912481
4.56416796595043 0.140144396808235
4.56416796595043 0.137293113692152
4.57872441586562 0.137293113692152
4.57872441586562 0.137293113692152
4.60843013435904 0.137293113692152
4.55106736545274 0.137293113692152
4.55106736545274 0.137293113692152
4.55106736545274 0.137293113692152
4.4860283217859 0.173007443084697
4.52487301243489 0.173007443084697
4.52487301243489 0.163964908000664
4.52487301243489 0.197415475237995
4.52487301243489 0.155261356622178
4.52487301243489 0.149894217538622
4.52675361780258 0.149894217538622
4.52976332921422 0.149894217538622
4.43390861082891 0.149894217538622
4.43390861082891 0.149894217538622
4.43390861082891 0.149894217538622
4.45268881731609 0.15821469833764
4.45268881731609 0.150960534179693
4.45268881731609 0.150960534179693
4.436623161977 0.150960534179693
4.436623161977 0.150960534179693
4.436623161977 0.137194448426806
4.436623161977 0.0883551274434864
4.420041563001 0.0883551274434864
4.48966857318582 0.0549554496192285
4.48966857318582 0.0494743385436906
4.48966857318582 0.0858689499828011
4.48966857318582 0.0858689499828011
4.48966857318582 0.0193787986058774
4.48966857318582 0.0457221972659608
4.50197745591284 0.0457221972659608
4.50197745591284 0.0198283553831091
4.49022642337512 0.02048184910836
4.51497235079992 0.02048184910836
4.51497235079992 0.02048184910836
4.45753315003641 0.02048184910836
4.45753315003641 0.02048184910836
4.46610421912386 0.0793587675811368
4.46610421912386 0.0793587675811368
4.46610421912386 0.0793587675811368
4.44140608397067 0.113197377016421
4.42481296726273 0.113197377016421
4.42481296726273 0.113197377016421
4.42481296726273 0.113197377016421
4.38090564920725 0.113197377016421
4.38090564920725 0.113197377016421
4.38090564920725 0.113197377016421
4.38090564920725 0.113197377016421
4.38090564920725 0.113197377016421
4.36516265160152 0.145598981891825
4.36516265160152 0.145598981891825
4.36516265160152 0.145598981891825
4.36516265160152 0.150687070919015
4.36516265160152 0.150687070919015
4.37825584953668 0.169925400234213
4.34689738897212 0.169925400234213
4.33912854862639 0.194146776198321
4.33912854862639 0.194146776198321
4.33912854862639 0.223633012449747
4.33912854862639 0.223633012449747
4.31066362443336 0.223633012449747
4.30903128706783 0.223633012449747
4.30903128706783 0.261536256551782
4.34021523374033 0.226817758674018
4.30871007396575 0.226817758674018
4.30871007396575 0.226817758674018
4.30871007396575 0.237724521760454
4.30871007396575 0.306568757252534
4.30871007396575 0.353190556743461
4.30871007396575 0.353190556743461
4.30871007396575 0.353190556743461
4.30871007396575 0.329653179574797
4.30871007396575 0.304292663520399
4.3020871567242 0.291830207909493
4.29128160158083 0.291830207909493
4.29128160158083 0.291830207909493
4.36665165152604 0.291830207909493
4.36665165152604 0.312339613998378
4.36665165152604 0.312339613998378
4.36665165152604 0.312339613998378
4.34378208730448 0.29826355406946
4.36516449026958 0.29826355406946
4.38836085475108 0.267890352044138
4.38836085475108 0.267890352044138
4.40069796080224 0.267890352044138
4.46295005254782 0.242806270747189
4.44588402245367 0.242806270747189
4.44588402245367 0.313266846598421
4.44588402245367 0.317469559855288
4.44588402245367 0.412192701779507
4.44588402245367 0.373097832447825
4.44588402245367 0.373097832447825
4.44588402245367 0.327307097183345
4.45114799341202 0.327307097183345
4.45036223552779 0.264405616656734
4.45036223552779 0.264405616656734
4.45036223552779 0.264405616656734
4.4313493505231 0.264405616656734
4.4313493505231 0.255901101377327
4.4313493505231 0.217504818532352
4.4313493505231 0.217504818532352
4.4313493505231 0.217504818532352
4.4313493505231 0.21164272809291
4.4313493505231 0.207221815105438
4.4313493505231 0.207221815105438
4.4313493505231 0.207221815105438
4.4313493505231 0.207221815105438
4.4339535001819 0.176024374506195
4.4339535001819 0.176024374506195
4.50911413645828 0.179628361304176
4.50911413645828 0.152009134125179
4.50911413645828 0.152009134125179
4.50911413645828 0.166040063089903
4.50911413645828 0.166040063089903
4.5046889592934 0.166040063089903
4.5046889592934 0.177716336810599
4.5046889592934 0.169155421011911
4.5046889592934 0.169155421011911
4.5046889592934 0.169155421011911
4.49583749304186 0.169155421011911
4.49583749304186 0.190849656734698
4.50572299020395 0.190849656734698
4.54687331834387 0.193253535103944
4.520480256611 0.193253535103944
4.49742357618863 0.278579722193906
4.4962721022213 0.278579722193906
4.46024954235819 0.278579722193906
4.46024954235819 0.266586412041427
4.45035593357657 0.266586412041427
4.45035593357657 0.266586412041427
4.45035593357657 0.233017298596184
4.45035593357657 0.244751252220319
4.45035593357657 0.244751252220319
4.4423251436426 0.241925159146426
4.44686752436391 0.241925159146426
4.44686752436391 0.241925159146426
4.44686752436391 0.241925159146426
4.44686752436391 0.241925159146426
4.44686752436391 0.241925159146426
4.44686752436391 0.241925159146426
4.44686752436391 0.273699581077933
4.44321331888511 0.237648714344124
4.44321331888511 0.227342135028011
4.44321331888511 0.227342135028011
4.44321331888511 0.227342135028011
4.41433390813003 0.268476548179602
4.40646047710072 0.26895118403412
4.40646047710072 0.256897246723707
4.40646047710072 0.256897246723707
4.40646047710072 0.256897246723707
4.40646047710072 0.256897246723707
4.40646047710072 0.19243785384346
4.40646047710072 0.192087942427667
4.40026007256864 0.262632237111179
4.3410265242762 0.262632237111179
4.29222761506548 0.262632237111179
4.29282656202765 0.226757799109161
4.34479721447922 0.228429449687225
4.34479721447922 0.228262920473861
4.34479721447922 0.228262920473861
4.34095421015863 0.163419431444185
4.34095421015863 0.163419431444185
4.34095421015863 0.173046880222641
4.39188421601679 0.173046880222641
4.35877362114055 0.173046880222641
4.35877362114055 0.173046880222641
4.35877362114055 0.203599567904753
4.30761231857758 0.203599567904753
4.27016994975338 0.203599567904753
4.27016994975338 0.216386354815705
4.27016994975338 0.213087851572082
4.27016994975338 0.213087851572082
4.27016994975338 0.261790961331627
4.26430062920247 0.261790961331627
4.27490018347478 0.244888457362696
4.27490018347478 0.244888457362696
4.25675335244029 0.247223619810877
4.25675335244029 0.247223619810877
4.25675335244029 0.247223619810877
4.24863530390094 0.254489736227144
4.24863530390094 0.254489736227144
4.32357870978354 0.273913362594586
4.32357870978354 0.273913362594586
4.30692899684889 0.273913362594586
4.24135471246175 0.295096137834422
4.25216131960963 0.295096137834422
4.25216131960963 0.264551157523479
4.25216131960963 0.264551157523479
4.2618510893954 0.264551157523479
4.21896726489463 0.264551157523479
4.21896726489463 0.264551157523479
4.21024002644459 0.264551157523479
4.21024002644459 0.264551157523479
4.21024002644459 0.268901545094814
4.21024002644459 0.268901545094814
4.21024002644459 0.268901545094814
4.21024002644459 0.282840518968025
4.26675580842014 0.295163080642654
4.26675580842014 0.295163080642654
4.23118870402002 0.341560363831781
4.24360813366217 0.341560363831781
4.24360813366217 0.341560363831781
4.17752560102015 0.341560363831781
4.17752560102015 0.347629998040203
4.17709548620362 0.347629998040203
4.17709548620362 0.347629998040203
4.21707404366936 0.347629998040203
4.21331567269745 0.355229128443841
4.21331567269745 0.355229128443841
4.26767124263448 0.285671455359536
4.27572175137394 0.285671455359536
4.27572175137394 0.380586297356656
4.23662503330845 0.354185309740244
4.27375707012172 0.354185309740244
4.25762853241649 0.354185309740244
4.25762853241649 0.354185309740244
4.24690726847695 0.312888632494861
4.25565147624349 0.285733835398609
4.25565147624349 0.285733835398609
4.23211290566164 0.285733835398609
4.2530907907478 0.285733835398609
4.2530907907478 0.285733835398609
4.2530907907478 0.285733835398609
4.2530907907478 0.239116664374336
4.2530907907478 0.239116664374336
4.34819656120169 0.239116664374336
4.31844440503932 0.224223486797793
4.33316791925989 0.214075435610071
4.27874542351922 0.214075435610071
4.30098440094987 0.214075435610071
4.30098440094987 0.214075435610071
4.30098440094987 0.214075435610071
4.30583752176204 0.204497836323013
4.28464172083478 0.204497836323013
4.31204198530281 0.217909152046344
4.31204198530281 0.206621866168138
4.31204198530281 0.206621866168138
4.31204198530281 0.206621866168138
4.31204198530281 0.160550733809761
4.35488355047247 0.160550733809761
4.35488355047247 0.160550733809761
4.35488355047247 0.160550733809761
4.35488355047247 0.160550733809761
4.35488355047247 0.160550733809761
4.35397777075458 0.160550733809761
4.35397777075458 0.160550733809761
4.30353973832791 0.198611277593388
4.30353973832791 0.151279963118439
4.30353973832791 0.151279963118439
4.30353973832791 0.151279963118439
4.30353973832791 0.104842225701661
4.34655248848936 0.104842225701661
4.34655248848936 0.104842225701661
4.34655248848936 0.104842225701661
4.34655248848936 0.104842225701661
4.34655248848936 0.104842225701661
4.31339224810471 0.104842225701661
4.33159667851174 0.104842225701661
4.33159667851174 0.151508037626742
4.3316504499159 0.151508037626742
4.33555543038786 0.151508037626742
4.33555543038786 0.151508037626742
4.33555543038786 0.195867905121545
4.33555543038786 0.195867905121545
4.34019359093153 0.215530576995343
4.34019359093153 0.200653405185898
4.33236353178243 0.219506086655995
4.33236353178243 0.219506086655995
4.33639309838668 0.190329886628542
4.33639309838668 0.190329886628542
4.33639309838668 0.190329886628542
4.40186016370936 0.190329886628542
4.42936889892178 0.0799343656220606
4.41967189032682 0.0799343656220606
4.37508400075547 0.0799343656220606
4.43888868181973 0.0799343656220606
4.36637348628484 0.0799343656220606
4.39544179327869 0.0799343656220606
4.39544179327869 0.0976644008604126
4.43863057480357 0.0642353242884384
4.53894031900828 0.0624795950845278
4.53894031900828 0.0879010532173343
4.53894031900828 0.0879010532173343
4.54574973285201 0.0879010532173343
4.54574973285201 0.0879010532173343
4.53023618458511 0.0879010532173343
4.53023618458511 0.0879010532173343
4.53023618458511 0.0879010532173343
4.53023618458511 0.148227242860033
4.53023618458511 0.155521173958677
4.53023618458511 0.135847507901195
4.54475299983479 0.105494914088827
4.54691822749093 0.105494914088827
4.54691822749093 0.0450069265808037
4.53629804949178 0.0481297672045588
4.57240013714919 0.061199552056228
4.57240013714919 0.061199552056228
4.59131747148988 0.0394552541455342
4.59131747148988 0.00233981555987178
4.59131747148988 0.00233981555987178
4.59131747148988 -0.00943279190315237
4.58601473027888 -0.00943279190315237
4.58601473027888 -0.00943279190315237
4.58601473027888 0.000954130799431996
4.58601473027888 0.000954130799431996
4.57392218417929 -0.00585568557402011
4.57392218417929 -0.00585568557402011
4.5595854177514 -0.00658022360174606
4.5595854177514 0.0620699098899202
4.58762738346336 0.0620699098899202
4.58762738346336 0.0620699098899202
4.58490037631737 0.0743580665230323
4.58490037631737 0.012912338342185
4.59680270522867 0.012912338342185
4.53918361117814 0.012912338342185
4.53918361117814 0.012912338342185
4.53918361117814 0.0238679705847697
4.53918361117814 0.0348582995547761
4.53918361117814 0.0348582995547761
4.53609026274001 0.0348582995547761
4.50707283737916 0.0348582995547761
4.50707283737916 0.0259671457202827
4.50707283737916 -0.0486546171823454
4.48350867944017 -0.0560407044693634
4.48350867944017 -0.0560407044693634
4.49785033761709 -0.0452103022211034
4.49785033761709 -0.0452103022211034
4.49785033761709 -0.0452103022211034
4.49785033761709 -0.0362284527776551
4.49785033761709 -0.0114739048117771
4.52055680515644 -0.0221897848297862
4.52550160071337 -0.0221897848297862
4.52550160071337 -0.0221897848297862
4.52550160071337 -0.0221897848297862
4.52550160071337 -0.0221897848297862
4.54990550935311 -0.0249168911030343
4.54990550935311 -0.0266552961355205
4.54990550935311 -0.0204344867696364
4.54990550935311 -0.0204344867696364
4.54990550935311 0.034267181590176
4.5390928183367 0.034267181590176
4.5478009128056 0.072433020554881
4.5478009128056 0.0309420716296929
4.5478009128056 0.0309420716296929
4.54433928490671 0.0309420716296929
4.5167960858813 -0.00252547075669837
4.5167960858813 0.042745571525749
4.53997994315307 0.042745571525749
4.54923808354452 0.042745571525749
4.54923808354452 0.0825776038262971
4.54923808354452 0.0825776038262971
4.54923808354452 0.134675040721046
4.57892297894678 0.134675040721046
4.57892297894678 0.134675040721046
4.57892297894678 0.117703269065144
4.57892297894678 0.117703269065144
4.57607512719026 0.117703269065144
4.57607512719026 0.117703269065144
4.57359731653004 0.117703269065144
4.50993839946027 0.117703269065144
4.52644528788832 0.117703269065144
4.52999010169712 0.172919939224509
4.52999010169712 0.16526709136337
4.4972971199838 0.16526709136337
4.4972971199838 0.175664899993561
4.4972971199838 0.175664899993561
4.4972971199838 0.161639382640972
4.4972971199838 0.13656427849897
4.4972971199838 0.147342776281578
4.4972971199838 0.147342776281578
4.45499656971291 0.147342776281578
4.39704669877583 0.183560305908312
4.39704669877583 0.183560305908312
4.39704669877583 0.183560305908312
4.40680275784197 0.186622890557525
4.40680275784197 0.186622890557525
4.40680275784197 0.181493791920759
4.42791187750656 0.181493791920759
4.42791187750656 0.203671147729726
4.42791187750656 0.203671147729726
4.42791187750656 0.203671147729726
4.41001374760144 0.203671147729726
4.39667773472449 0.203671147729726
4.46987889086786 0.203671147729726
4.46987889086786 0.218575547799098
4.46987889086786 0.154586313350705
4.46987889086786 0.13263974112102
4.44531045891663 0.13263974112102
4.44531045891663 0.113606832935291
4.43902743685848 0.10633313688515
4.42019611803371 0.10633313688515
4.4153937412068 0.10633313688515
4.4153937412068 0.10633313688515
4.4153937412068 0.10633313688515
4.42777073560636 0.10633313688515
4.38706365181121 0.10633313688515
4.42652393360081 0.0618221229538044
4.42652393360081 0.0718050467878837
4.49266605759223 0.0354381447549854
4.49266605759223 0.0318706913055763
4.46771758047637 0.0318706913055763
4.46771758047637 0.100661563452453
4.45833844721582 0.109320636586072
4.45833844721582 0.102063795227991
4.46253820810875 0.102063795227991
4.49864891834872 0.139614080318188
4.49693542709528 0.117242162634971
4.48787668886087 0.10540721021247
4.48355479705368 0.0555268593191249
4.5637763429512 0.0579074528921395
4.52777790430242 0.0579074528921395
4.52777790430242 0.0579074528921395
4.52777790430242 0.0579074528921395
4.52777790430242 0.0579074528921395
4.49586237862764 0.104727084604751
4.49586237862764 0.104727084604751
4.5492800545093 0.095169964424356
4.5492800545093 0.0397270631994107
4.5492800545093 0.0397270631994107
4.56381136529336 0.0397270631994107
4.56381136529336 0.0397270631994107
4.52076734502217 0.0608130628856707
4.52076734502217 0.0608130628856707
4.52076734502217 0.0608130628856707
4.54410383237934 0.0608130628856707
4.55661051045001 0.0817682793575278
4.55661051045001 0.0533510548911032
4.55661051045001 0.0533510548911032
4.55661051045001 0.141376331451657
4.55520198913211 0.107159164122671
4.50450718456715 0.100003683795722
4.4765701177356 0.100003683795722
4.50615259894584 0.100003683795722
4.50615259894584 0.0743993991784338
4.57449771049763 0.0743993991784338
4.57577780689467 0.0743993991784338
4.5842740592746 0.0743993991784338
4.57414232118989 0.0743993991784338
4.56801086554292 0.0743993991784338
4.58579836919875 0.123139192424715
4.58579836919875 0.13907142322734
4.59868798414819 0.13907142322734
4.59868798414819 0.153228291067217
4.59868798414819 0.153228291067217
4.59868798414819 0.153228291067217
4.59868798414819 0.14077753949371
4.59868798414819 0.14077753949371
4.58595422626121 0.14077753949371
4.63051388205088 0.14077753949371
4.63051388205088 0.0807423187527401
4.56142039065446 0.0913214558431313
4.56142039065446 0.101740311395483
4.56142039065446 0.101740311395483
4.56142039065446 0.116080353330815
4.56142039065446 0.116080353330815
4.54648232921362 0.116080353330815
4.54648232921362 0.116080353330815
4.55074125027631 0.112825438859087
4.55074125027631 0.112825438859087
4.55074125027631 0.112825438859087
4.55074125027631 0.112825438859087
4.48727077228876 0.112825438859087
4.48727077228876 0.119050492963013
4.48727077228876 0.0940614272274456
4.48727077228876 0.160038197565427
4.48727077228876 0.160038197565427
4.53488739585172 0.0927573962844623
4.57488786225974 0.0985148628070722
4.60378457210993 0.0985148628070722
4.60378457210993 0.0624304056462634
4.61448140089527 0.0624304056462634
4.66075467935817 0.0624304056462634
4.6227596060863 0.0883022173733134
4.59210165170086 0.0883022173733134
4.64871812571302 0.0154660113888007
4.63870420348158 0.0154660113888007
4.64947815376559 0.0154660113888007
4.61204937475185 0.030975252109134
4.61204937475185 0.0422710492308943
4.65455825771734 0.0422710492308943
4.72908116535261 -0.0323654081592506
4.69323793885916 -0.0323654081592506
4.81211156224759 -0.0323654081592506
4.80100650222324 -0.0406561496921984
4.72458992805552 -0.0152994059312085
4.69520779622307 -0.0152994059312085
4.69520779622307 -0.0170389138467774
4.68138748623554 -0.00300599305781939
4.63888692019804 -0.00300599305781939
4.63888692019804 -0.00300599305781939
4.69529165322134 0.0104355551721536
4.71042646825624 -0.0473587105341227
4.71042646825624 0.00852005896888711
4.71042646825624 0.00852005896888711
4.71042646825624 0.0220653128032867
4.73643715907774 0.0220653128032867
4.73975462593616 0.0220653128032867
4.73975462593616 0.0220653128032867
4.75122601694817 0.0220653128032867
4.7650784001058 0.0220653128032867
4.74004120536863 -0.0211369050286807
4.74004120536863 -0.0211369050286807
4.74054034294405 0.0255515775325874
4.74054034294405 -0.00800849625551395
4.74054034294405 0.0136836530497229
4.73382513888399 0.0267622491089223
4.73382513888399 0.023715808259458
4.71286417360652 0.023715808259458
4.69909298302554 0.023715808259458
4.69909298302554 0.023715808259458
4.69909298302554 0.023715808259458
4.70842969172151 0.019014839174771
4.70842969172151 0.019014839174771
4.70842969172151 0.0275184373856752
4.70842969172151 0.0275184373856752
4.70842969172151 0.0275184373856752
4.71493786231706 0.00670602296511096
4.71493786231706 0.02143428637816
4.66112094472904 0.111908766640056
4.66602246154898 0.0764190550197408
4.66602246154898 0.146893058604286
4.66602246154898 0.109546155483147
4.71292944636423 0.121056323634658
4.71292944636423 0.121056323634658
4.71292944636423 0.152812512502503
4.7155305640004 0.152812512502503
4.7155305640004 0.152812512502503
4.7155305640004 0.152812512502503
4.7155305640004 0.114072969538241
4.7155305640004 0.0983887310354596
4.7155305640004 0.139389950716245
4.73369341061905 0.139389950716245
4.73369341061905 0.117838409139119
4.73195017471647 0.117838409139119
4.73195017471647 0.117838409139119
4.75368777599381 0.0755788019382352
4.75368777599381 0.0755788019382352
4.75368777599381 0.0755788019382352
4.69571103281561 0.131939881882246
4.68513888924423 0.131939881882246
4.68513888924423 0.131939881882246
4.68513888924423 0.131939881882246
4.65487620046407 0.137313093402057
4.67698764104557 0.113672693597136
4.67698764104557 0.125755071030615
4.67698764104557 0.125755071030615
4.68669989488837 0.125755071030615
4.68669989488837 0.152548125014485
4.64229763756736 0.148707025599312
4.62648028676018 0.148707025599312
4.62648028676018 0.148707025599312
4.62648028676018 0.148707025599312
4.61537666078465 0.163163115851009
4.61537666078465 0.163163115851009
4.61537666078465 0.144643003405118
4.61537666078465 0.162796592688689
4.64001402143792 0.132560537454304
4.64001402143792 0.174805128292717
4.64001402143792 0.174805128292717
4.64001402143792 0.220674851889389
4.6553806781312 0.220674851889389
4.6553806781312 0.220674851889389
4.6553806781312 0.220674851889389
4.6553806781312 0.166264039809148
4.65353852572263 0.172907230720533
4.66090157793283 0.172907230720533
4.66090157793283 0.191211059196078
4.66090157793283 0.145282155419318
4.6747316185753 0.131269597054747
4.6747316185753 0.131269597054747
4.68273744489983 0.131269597054747
4.77017242425564 0.108635714381532
4.77017242425564 0.0680802301897262
4.77017242425564 0.0680802301897262
4.77017242425564 0.0680802301897262
4.77017242425564 0.0680802301897262
4.77017242425564 0.0322352298403123
4.7577516085505 0.0338535120960729
4.7577516085505 0.0985859051904346
4.7577516085505 0.103783246391391
4.74523786771193 0.105962062618538
4.77039705220457 0.040670462097523
4.77039705220457 0.040670462097523
4.75855796741276 0.0581659950497877
4.79657862597163 0.0581659950497877
4.82344029631996 0.0881285024835821
4.83838863806855 0.0881285024835821
4.83838863806855 0.0881285024835821
4.84356813100609 0.0881285024835821
4.84356813100609 0.094288818224066
4.84356813100609 0.055341206216903
4.84356813100609 0.055341206216903
4.84401746657934 0.055341206216903
4.84401746657934 0.0417662859914734
4.84401746657934 -0.0183005987263993
4.84401746657934 -0.0183005987263993
4.84401746657934 -0.0183005987263993
4.84401746657934 -0.0531098012295826
4.84401746657934 -0.0531098012295826
4.84401746657934 -0.041627560254137
4.84401746657934 -0.041627560254137
4.84401746657934 -0.041627560254137
4.84401746657934 -0.041627560254137
4.84485988057188 -0.041627560254137
4.8041480639293 -0.041627560254137
4.82082582783955 -0.041627560254137
4.82082582783955 -0.041627560254137
4.78524981994235 -0.041627560254137
4.78524981994235 -0.041627560254137
4.78524981994235 -0.0675706575670904
4.78253079903724 -0.0758803986124638
4.78253079903724 -0.0758803986124638
4.79684118690578 -0.0758803986124638
4.81697509381983 -0.0758803986124638
4.80691387720398 -0.0758803986124638
4.80691387720398 -0.0758803986124638
4.80691387720398 -0.1159324836552
4.80691387720398 -0.120374964265432
4.80691387720398 -0.120374964265432
4.80691387720398 -0.120374964265432
4.80691387720398 -0.173406404887125
4.80691387720398 -0.173406404887125
4.80691387720398 -0.1502890083575
4.82503579136772 -0.171247659184349
4.82503579136772 -0.171247659184349
4.82503579136772 -0.11593490079706
4.82503579136772 -0.11593490079706
4.82503579136772 -0.221789922280642
4.81768099550614 -0.230771646142516
4.73871586268715 -0.230771646142516
4.73871586268715 -0.230771646142516
4.76237469778356 -0.211830868940483
4.76237469778356 -0.256724791919519
4.81861641016132 -0.256724791919519
4.81442675068425 -0.238062914830762
4.81442675068425 -0.260235069512107
4.81442675068425 -0.208065063375178
4.81442675068425 -0.208065063375178
4.81846819464596 -0.208065063375178
4.81846819464596 -0.208065063375178
4.80494434347194 -0.208065063375178
4.80191625248112 -0.218989451221486
4.80191625248112 -0.218989451221486
4.75877447560029 -0.159842934083605
4.82970044940266 -0.217041902629192
4.87800909710348 -0.222848876915672
4.87800909710348 -0.232303756151872
4.83405141564293 -0.198705960038527
4.83405141564293 -0.198705960038527
4.81983641983663 -0.198705960038527
4.81983641983663 -0.198705960038527
4.75046751782459 -0.198705960038527
4.73960420717222 -0.198705960038527
4.73752399860399 -0.198705960038527
4.74820034838692 -0.14781543847549
4.7021049158551 -0.142895025416966
4.7021049158551 -0.209099433189857
4.7021049158551 -0.147828454561745
4.7021049158551 -0.147828454561745
4.7021049158551 -0.176489620798104
4.7021049158551 -0.225730754135883
4.7021049158551 -0.225730754135883
4.7021049158551 -0.225730754135883
4.7021049158551 -0.225730754135883
4.79300143599262 -0.223004531528299
4.76583324788591 -0.219551548419135
4.78240612529666 -0.219551548419135
4.78240612529666 -0.219551548419135
4.78240612529666 -0.219551548419135
4.79745174675928 -0.207874268601578
4.79745174675928 -0.207874268601578
4.80180811730715 -0.260298033513901
4.82438888669225 -0.260298033513901
4.84289746658438 -0.260298033513901
4.8003751035301 -0.260298033513901
4.87652109262383 -0.260298033513901
4.87652109262383 -0.318442289796192
4.90221760062613 -0.313470969579895
4.99329179286876 -0.313470969579895
4.99329179286876 -0.313470969579895
4.99329179286876 -0.313470969579895
4.97624145150009 -0.355378683933549
4.97624145150009 -0.307700723526452
4.98683109614285 -0.356147984319441
5.00796879524087 -0.392376780192453
5.00796879524087 -0.327438292803637
5.00796879524087 -0.327438292803637
4.94691941789084 -0.327438292803637
4.98829547604566 -0.327438292803637
4.98829547604566 -0.306356265365314
4.98829547604566 -0.306356265365314
4.98829547604566 -0.306356265365314
4.92529332744811 -0.274431185381655
4.99346006162556 -0.34008802275987
4.99275684883678 -0.34008802275987
4.99275684883678 -0.34008802275987
4.99275684883678 -0.34008802275987
4.99275684883678 -0.34008802275987
4.98737422705246 -0.34008802275987
4.98846172347947 -0.34008802275987
4.98846172347947 -0.34008802275987
4.98846172347947 -0.273941125286028
4.99607063025273 -0.273941125286028
4.99607063025273 -0.273941125286028
4.9926205080838 -0.273941125286028
4.97319260151914 -0.272249397340802
4.95990553678884 -0.272249397340802
4.95990553678884 -0.272249397340802
4.95990553678884 -0.272249397340802
4.95990553678884 -0.272680596143764
4.95990553678884 -0.272680596143764
4.97221848078083 -0.272680596143764
4.88018140336094 -0.272680596143764
4.88018140336094 -0.272680596143764
4.88018140336094 -0.272680596143764
4.87483429462865 -0.287248160374078
4.90930066812287 -0.287248160374078
4.90930066812287 -0.287248160374078
4.92169418939503 -0.287248160374078
4.92169418939503 -0.287248160374078
4.96523692626138 -0.287248160374078
4.96523692626138 -0.287248160374078
4.96523692626138 -0.287248160374078
4.96523692626138 -0.287248160374078
4.93971862908206 -0.287248160374078
4.93971862908206 -0.287248160374078
4.93971862908206 -0.287248160374078
4.94751470748608 -0.259299803710999
4.94751470748608 -0.259299803710999
4.88608385153398 -0.243720806047394
4.88608385153398 -0.263384907270722
4.88608385153398 -0.263384907270722
4.87159805044104 -0.263384907270722
4.87159805044104 -0.31452462150681
4.80893101501451 -0.31452462150681
4.80893101501451 -0.288839391240759
4.72689214433954 -0.288839391240759
4.7907756020727 -0.288839391240759
4.82203022609827 -0.288839391240759
4.82203022609827 -0.330080817917158
4.82203022609827 -0.308811314815465
4.80783155206162 -0.308811314815465
4.84915267504486 -0.276149248208224
4.84915267504486 -0.276149248208224
4.84915267504486 -0.293774518688326
4.82161682926878 -0.293478508511774
4.82852216585468 -0.320996252693831
4.8217375204582 -0.332308654328885
4.87910455610167 -0.332308654328885
4.87910455610167 -0.332308654328885
4.87910455610167 -0.332308654328885
4.87910455610167 -0.319929422536609
4.87910455610167 -0.350536172985434
4.87910455610167 -0.350536172985434
4.87910455610167 -0.350536172985434
4.87910455610167 -0.296695841520504
4.87123431960524 -0.298453243110582
4.85389005580877 -0.298453243110582
4.85389005580877 -0.298453243110582
4.86560089007794 -0.341430301809664
4.94440759658157 -0.336510002681275
4.91800866440919 -0.3288976449503
4.91800866440919 -0.292448268348046
4.91508104335187 -0.292448268348046
4.91508104335187 -0.338452691132664
4.93053123724479 -0.338452691132664
4.96414148061109 -0.338452691132664
4.95165096006172 -0.334470317816797
4.95165096006172 -0.334470317816797
5.02826436813528 -0.334470317816797
4.96771043003451 -0.29606872598372
4.96771043003451 -0.343094779583325
4.96771043003451 -0.351473892946681
4.96771043003451 -0.351473892946681
4.96771043003451 -0.351473892946681
4.98702636030644 -0.401462289904753
4.98702636030644 -0.40303788831395
4.97122749356674 -0.398081733800218
4.99455112879876 -0.345441308994049
4.97742351195361 -0.345441308994049
4.95493077232378 -0.345441308994049
4.9645762954586 -0.345441308994049
5.02645917856721 -0.375291094222622
5.00357643735037 -0.335438907917388
5.00357643735037 -0.371215389025032
5.00357643735037 -0.331955766056061
4.97825725468763 -0.331955766056061
4.9589154523445 -0.331955766056061
4.9589154523445 -0.331955766056061
4.94177064505138 -0.331955766056061
4.95628064194047 -0.331955766056061
4.95628064194047 -0.338563777492592
4.95267128786598 -0.338563777492592
4.92623485775132 -0.337885225524318
4.92623485775132 -0.337885225524318
4.92623485775132 -0.326201077762879
4.92623485775132 -0.301927988962709
4.88949673702789 -0.321910103436624
4.9015000846108 -0.321910103436624
4.99833557510671 -0.45009458117821
5.00979642805484 -0.457878591679988
5.00979642805484 -0.457878591679988
4.99678396432353 -0.489481291923018
4.99678396432353 -0.489481291923018
4.9575438253447 -0.48353290438751
4.9575438253447 -0.48353290438751
4.9575438253447 -0.478344471364504
4.9575438253447 -0.492759119868034
4.9575438253447 -0.492759119868034
4.90542469455973 -0.492759119868034
4.90542469455973 -0.492759119868034
4.90514466273983 -0.490637854812602
4.90514466273983 -0.531052525887774
4.90514466273983 -0.531052525887774
4.94154762997183 -0.531052525887774
4.94154762997183 -0.492105962145358
4.94154762997183 -0.492105962145358
4.94154762997183 -0.430273101907367
4.90383775210105 -0.439963782445797
4.90383775210105 -0.439963782445797
4.90383775210105 -0.439963782445797
4.8693743772198 -0.45048236105384
4.83420193428756 -0.399997554515218
4.8978862532222 -0.438903510016485
4.93649856409388 -0.476316921574001
4.93649856409388 -0.476316921574001
4.87622180361237 -0.472152512364187
4.86587593789761 -0.472152512364187
4.86587593789761 -0.414680538607327
4.8248421581399 -0.414680538607327
4.8248421581399 -0.414680538607327
4.8248421581399 -0.399869070219632
4.8248421581399 -0.384871356574383
4.8248421581399 -0.385062387143342
4.80182225716926 -0.385062387143342
4.77696206601354 -0.368795645117735
4.79176057806148 -0.34382552830635
4.79176057806148 -0.34382552830635
4.79176057806148 -0.34382552830635
4.79176057806148 -0.34382552830635
4.78608934313897 -0.352675490145098
4.80389910945943 -0.352675490145098
4.81609575029244 -0.352675490145098
4.81609575029244 -0.332656488537551
4.81609575029244 -0.332656488537551
4.82916502776299 -0.332656488537551
4.83207023796344 -0.334858074886536
4.81188793963848 -0.344524766212549
4.81188793963848 -0.344524766212549
4.81188793963848 -0.344524766212549
4.78596441641813 -0.344524766212549
4.74500473774754 -0.337216317772712
4.69984354752139 -0.357302994634985
4.69984354752139 -0.356304196007599
4.73346404735572 -0.356304196007599
4.80007387783465 -0.368030022102759
4.80007387783465 -0.356232298427287
4.80007387783465 -0.356232298427287
4.83092883305898 -0.356232298427287
4.83071576179158 -0.356232298427287
4.81343358709393 -0.320318005721219
4.81343358709393 -0.320318005721219
4.81343358709393 -0.320318005721219
4.81343358709393 -0.318231507902479
4.80572901320876 -0.318231507902479
4.75013360152472 -0.318231507902479
4.75055755466218 -0.303100478755013
4.75055755466218 -0.273537632142226
4.75055755466218 -0.331940833825599
4.75055755466218 -0.277932377700338
4.72085723093881 -0.26848384895187
4.66385447726482 -0.26848384895187
4.67239713701607 -0.23685311725738
4.67239713701607 -0.306914721731603
4.6949713742917 -0.294870202680862
4.6949713742917 -0.316141581741299
4.6949713742917 -0.316141581741299
4.6949713742917 -0.299924895638926
4.6949713742917 -0.299924895638926
4.6949713742917 -0.279281644938926
4.6949713742917 -0.279281644938926
4.6949713742917 -0.303888841125617
4.6949713742917 -0.36829677847475
4.6949713742917 -0.36829677847475
4.71778360493633 -0.36829677847475
4.71652472060176 -0.3638940831625
4.71652472060176 -0.3638940831625
4.71652472060176 -0.3638940831625
4.71652472060176 -0.343142060241802
4.77617879089682 -0.343142060241802
4.77617879089682 -0.343142060241802
4.77617879089682 -0.343142060241802
4.77617879089682 -0.327777648573706
4.77617879089682 -0.327777648573706
4.77617879089682 -0.343580517817363
4.77617879089682 -0.37174174892882
4.77617879089682 -0.290785168359259
4.77617879089682 -0.387180138828642
4.80276848013177 -0.387180138828642
4.8610829999133 -0.387180138828642
4.88533171955627 -0.387180138828642
4.85832196955019 -0.431189782106895
4.85832196955019 -0.431189782106895
4.85832196955019 -0.431189782106895
4.85832196955019 -0.431189782106895
4.85832196955019 -0.454341021772131
4.85832196955019 -0.454341021772131
4.89376761958799 -0.454341021772131
4.89376761958799 -0.454341021772131
4.89376761958799 -0.476982853645552
4.89376761958799 -0.47204687936556
4.89376761958799 -0.500195144634852
4.92818063478559 -0.500195144634852
4.92818063478559 -0.502462266360169
4.92818063478559 -0.502462266360169
4.92810433662721 -0.502462266360169
4.8815705741982 -0.448305777057615
4.8815705741982 -0.448305777057615
4.90635134539323 -0.473621098691393
4.90635134539323 -0.473621098691393
4.90635134539323 -0.433003860687213
4.90635134539323 -0.433003860687213
4.90635134539323 -0.433003860687213
4.90635134539323 -0.433003860687213
4.9203397085307 -0.433003860687213
4.93580277930892 -0.433003860687213
4.93125829131651 -0.433003860687213
4.93125829131651 -0.433003860687213
4.93125829131651 -0.433003860687213
4.93125829131651 -0.436389007356317
4.93125829131651 -0.436389007356317
4.93125829131651 -0.448274315951629
4.93125829131651 -0.448274315951629
4.93125829131651 -0.448274315951629
4.94442154914213 -0.448274315951629
4.95594520275955 -0.448274315951629
4.96642700428665 -0.448274315951629
4.95469139538021 -0.44320008626051
4.95469139538021 -0.44320008626051
4.95469139538021 -0.44320008626051
4.93895830978139 -0.44320008626051
4.93502878080025 -0.429987537827977
4.93502878080025 -0.429987537827977
4.93502878080025 -0.429987537827977
4.93502878080025 -0.42072755615417
4.86189697398157 -0.345587258014129
4.86189697398157 -0.345587258014129
4.86189697398157 -0.345587258014129
4.90363115028978 -0.345587258014129
4.87306779237951 -0.345587258014129
4.87306779237951 -0.345587258014129
4.87644625595583 -0.326025196070453
4.88867506639707 -0.302928927957836
4.88867506639707 -0.302928927957836
4.87002555707137 -0.309014967820272
4.88864894048427 -0.309014967820272
4.91000496159198 -0.309014967820272
4.91000496159198 -0.309014967820272
4.89078634962386 -0.324368867793412
4.89078634962386 -0.328687046010026
4.89078634962386 -0.328687046010026
4.91824543810738 -0.324290934409488
4.91824543810738 -0.324290934409488
4.86147127941732 -0.324290934409488
4.86147127941732 -0.301936067482952
4.91057730828113 -0.309239814932094
4.89435712174716 -0.325739565684269
4.89435712174716 -0.325739565684269
4.89435712174716 -0.325739565684269
4.89435712174716 -0.325739565684269
4.89435712174716 -0.325739565684269
4.89435712174716 -0.325739565684269
4.8644626631836 -0.325739565684269
4.90998583524342 -0.385341186194219
4.90998583524342 -0.33909457905725
4.90998583524342 -0.33909457905725
4.89302714845257 -0.387884560889237
4.89302714845257 -0.387884560889237
4.89302714845257 -0.411915204863885
4.92671307336126 -0.411915204863885
4.85513526352725 -0.411915204863885
4.85513526352725 -0.411915204863885
4.90361890333776 -0.454538619563649
4.90361890333776 -0.442529226654577
4.90361890333776 -0.462267213928643
4.90361890333776 -0.462267213928643
4.96360574835482 -0.521793913779733
4.96360574835482 -0.521793913779733
4.96360574835482 -0.493798960158279
4.96217378399637 -0.493798960158279
4.96217378399637 -0.492992560518392
4.96217378399637 -0.492992560518392
4.96217378399637 -0.541460733818159
4.96217378399637 -0.541460733818159
4.96217378399637 -0.541460733818159
4.98195344297451 -0.518283933486659
4.90329504171534 -0.518283933486659
4.88790459151179 -0.530000846599802
4.95252140194045 -0.530000846599802
4.95252140194045 -0.530000846599802
4.96367254396602 -0.530000846599802
4.96367254396602 -0.53767406998641
4.96367254396602 -0.53767406998641
4.96367254396602 -0.53767406998641
4.96367254396602 -0.432461809500477
4.90474155431714 -0.432461809500477
4.90474155431714 -0.432461809500477
4.92112490810876 -0.457022988292714
4.92112490810876 -0.427274760663629
4.92112490810876 -0.399503296432551
4.92112490810876 -0.380925709128136
4.90735603686382 -0.380925709128136
4.87456581454862 -0.380925709128136
4.87456581454862 -0.380925709128136
4.8585421711244 -0.35714292180135
4.77774222612095 -0.35714292180135
4.77774222612095 -0.35714292180135
4.77774222612095 -0.35714292180135
4.82547610622409 -0.39903284529969
4.82547610622409 -0.376863784623434
4.81125643789804 -0.376863784623434
4.81125643789804 -0.376863784623434
4.84527897327516 -0.376863784623434
4.84527897327516 -0.376863784623434
4.84527897327516 -0.376863784623434
4.8038879145009 -0.376863784623434
4.8038879145009 -0.376863784623434
4.8038879145009 -0.373293647400528
4.8038879145009 -0.373293647400528
4.8038879145009 -0.366482801713408
4.8038879145009 -0.366482801713408
4.8038879145009 -0.366482801713408
4.8038879145009 -0.366190662061098
4.77693761026519 -0.350601496254912
4.76738188257951 -0.353712066796239
4.76738188257951 -0.439566291567393
4.90076994346646 -0.439566291567393
4.90076994346646 -0.439566291567393
4.88369217602209 -0.481848664164134
4.88369217602209 -0.481848664164134
4.89598831718254 -0.481848664164134
4.79639582223886 -0.481848664164134
4.81285210817688 -0.481848664164134
4.82108620676058 -0.46637195393944
4.81681028049454 -0.480716651250584
4.81681028049454 -0.480716651250584
4.81681028049454 -0.480716651250584
4.81260612567453 -0.480716651250584
4.81260612567453 -0.480716651250584
4.76380245387352 -0.480716651250584
4.76380245387352 -0.480716651250584
4.73075825686563 -0.473081325036089
4.65811673700193 -0.473081325036089
4.65811673700193 -0.473081325036089
4.64926420581352 -0.473081325036089
4.64926420581352 -0.49214729342872
4.64926420581352 -0.49214729342872
4.64926420581352 -0.481426330109813
4.65180826754288 -0.481426330109813
4.65180826754288 -0.441959528164796
4.65180826754288 -0.463297514656252
4.65180826754288 -0.508647909973689
4.67129912363291 -0.530450704748369
4.67129912363291 -0.530450704748369
4.67129912363291 -0.483844518864379
4.67739281303649 -0.483844518864379
4.67739281303649 -0.443261768135425
4.67739281303649 -0.443261768135425
4.67739281303649 -0.443261768135425
4.69387291109885 -0.443261768135425
4.69387291109885 -0.443261768135425
4.73043676633435 -0.433364737235101
4.73043676633435 -0.463300969746644
4.74184567224504 -0.463300969746644
4.77620994433812 -0.463300969746644
4.77620994433812 -0.463300969746644
4.76132240410121 -0.463300969746644
4.76132240410121 -0.463300969746644
4.76132240410121 -0.463300969746644
4.76132240410121 -0.522470849694582
4.75067991045732 -0.5247658027078
4.72219670986511 -0.5247658027078
4.72219670986511 -0.546139778051856
4.76188973614197 -0.546139778051856
4.74421601190049 -0.546139778051856
4.74421601190049 -0.546139778051856
4.74421601190049 -0.481244085079235
4.74421601190049 -0.481244085079235
4.70279943007723 -0.49771721311779
4.70192165275711 -0.495704939010294
4.70192165275711 -0.495704939010294
4.70900084543117 -0.495704939010294
4.71491727729772 -0.472173890080147
4.68272013305022 -0.472173890080147
4.68272013305022 -0.518589006061444
4.67494245125078 -0.518589006061444
4.67494245125078 -0.518589006061444
4.67494245125078 -0.490487837163743
4.64871050220611 -0.490487837163743
4.64871050220611 -0.490487837163743
4.64871050220611 -0.490487837163743
4.64871050220611 -0.481438424873981
4.67106449227338 -0.527746613418933
4.73143400269114 -0.527746613418933
4.73143400269114 -0.527746613418933
4.72785573803507 -0.527746613418933
4.75823177839458 -0.527746613418933
4.75823177839458 -0.527746613418933
4.72954763587738 -0.527746613418933
4.76559100702545 -0.527746613418933
4.7661556201108 -0.527746613418933
4.76539601691417 -0.513021423760695
4.76539601691417 -0.513021423760695
4.72631025088108 -0.49971064918362
4.69808995911282 -0.49971064918362
4.69808995911282 -0.49971064918362
4.69808995911282 -0.49971064918362
4.72446765098636 -0.49971064918362
4.72446765098636 -0.49971064918362
4.67467850668994 -0.519269947444945
4.71160335220049 -0.519269947444945
4.71242749053989 -0.563956534170066
4.71242749053989 -0.563956534170066
4.71242749053989 -0.563956534170066
4.71242749053989 -0.563956534170066
4.71242749053989 -0.557476911957573
4.60753520329792 -0.554616377980383
4.64572632936973 -0.554616377980383
4.64572632936973 -0.581277065204838
4.67320628357802 -0.581277065204838
4.60925806700934 -0.581277065204838
4.63544131953309 -0.581277065204838
4.65480782782658 -0.547282608132134
4.65480782782658 -0.456809118583295
4.67444149610723 -0.456809118583295
4.66876411246954 -0.456809118583295
4.66876411246954 -0.459948921909556
4.66876411246954 -0.459948921909556
4.66876411246954 -0.459948921909556
4.65608954933676 -0.459948921909556
4.65608954933676 -0.459948921909556
4.65608954933676 -0.459948921909556
4.65608954933676 -0.450702972726164
4.67190257665181 -0.493766718535692
4.67796273557959 -0.493766718535692
4.67796273557959 -0.483780654244059
4.67796273557959 -0.457677521110658
4.67796273557959 -0.457677521110658
4.67769124016249 -0.437185850369221
4.67769124016249 -0.437185850369221
4.67769124016249 -0.437185850369221
4.72795640059504 -0.432098935271487
4.71982200961344 -0.432098935271487
4.71982200961344 -0.432098935271487
4.75791524370717 -0.432098935271487
4.75791524370717 -0.432098935271487
4.75791524370717 -0.432098935271487
4.72718320570091 -0.430059433622157
4.73131021670093 -0.430059433622157
4.72185810269336 -0.430059433622157
4.72185810269336 -0.472749146240134
4.71109002677083 -0.466410254385587
4.71109002677083 -0.466410254385587
4.6745993041968 -0.426121068272132
4.6745993041968 -0.426121068272132
4.64716637259576 -0.415547754425124
4.6787123660685 -0.409061387251866
4.6787123660685 -0.409061387251866
4.64581489420829 -0.35664711276487
4.56903008947469 -0.360333570208839
4.56903008947469 -0.363365379983334
4.56903008947469 -0.363365379983334
4.48483256585211 -0.363365379983334
4.48649807407274 -0.363365379983334
4.48649807407274 -0.386214091035212
4.48649807407274 -0.386214091035212
4.48605802560118 -0.460246979367209
4.48745906899096 -0.373308960989625
4.48745906899096 -0.387425722207328
4.50793586846317 -0.410506898228228
4.53026549707195 -0.410506898228228
4.50712322916702 -0.410506898228228
4.46659264881475 -0.40455460653371
4.49082699592703 -0.40455460653371
4.50886403300319 -0.423765844787164
4.50886403300319 -0.452504414230095
4.50886403300319 -0.452504414230095
4.50441071265607 -0.403208650936974
4.50441071265607 -0.446474670045113
4.50441071265607 -0.41455560775259
4.50441071265607 -0.399693882238642
4.48404543402702 -0.399693882238642
4.48404543402702 -0.399693882238642
4.48404543402702 -0.399693882238642
4.48404543402702 -0.399693882238642
4.42349385900254 -0.399693882238642
4.45956712464504 -0.399693882238642
4.48618416337039 -0.399693882238642
4.52821477101237 -0.399693882238642
4.52821477101237 -0.399693882238642
4.52821477101237 -0.399693882238642
4.52821477101237 -0.44271019988784
4.52821477101237 -0.380416367397942
4.52821477101237 -0.380416367397942
4.52821477101237 -0.380416367397942
4.52821477101237 -0.380416367397942
4.52821477101237 -0.349866300497591
4.52821477101237 -0.349866300497591
4.52821477101237 -0.349866300497591
4.52821477101237 -0.350943612063094
4.54608642067898 -0.350943612063094
4.54608642067898 -0.350943612063094
4.54608642067898 -0.350943612063094
4.54608642067898 -0.350943612063094
4.54283332096578 -0.346594323180327
4.54283332096578 -0.319251031417868
4.54283332096578 -0.319251031417868
4.54283332096578 -0.319251031417868
4.54283332096578 -0.27143600639666
4.5420113057758 -0.27143600639666
4.5420113057758 -0.27143600639666
4.57226049504073 -0.27143600639666
4.57226049504073 -0.27143600639666
4.61342555114384 -0.27143600639666
4.61342555114384 -0.27143600639666
4.56628800821196 -0.27143600639666
4.56628800821196 -0.242832682326545
4.62917110904138 -0.273598659207848
4.62917110904138 -0.273598659207848
4.62917110904138 -0.273598659207848
4.61912685854758 -0.275561076042968
4.63490942841762 -0.275561076042968
4.63490942841762 -0.275561076042968
4.63490942841762 -0.304797499940612
4.63991986171525 -0.304797499940612
4.68463339612737 -0.301240797802858
4.68921671745197 -0.283303541343885
4.68921671745197 -0.283303541343885
4.68921671745197 -0.331439437169013
4.68921671745197 -0.331439437169013
4.68921671745197 -0.331439437169013
4.70434218004067 -0.371420309270145
4.68811539616203 -0.371420309270145
4.68811539616203 -0.371420309270145
4.63891022214567 -0.371420309270145
4.61182506620986 -0.363621573401154
4.61182506620986 -0.363621573401154
4.61182506620986 -0.367309392555245
4.61182506620986 -0.341847190566206
4.61182506620986 -0.341847190566206
4.61182506620986 -0.341847190566206
4.61182506620986 -0.341847190566206
4.61182506620986 -0.272189034174447
4.61638164827146 -0.255910158599658
4.61638164827146 -0.279474539383151
4.64204316208415 -0.279474539383151
4.64204316208415 -0.279474539383151
4.68047326249082 -0.279474539383151
4.68047326249082 -0.279474539383151
4.68047326249082 -0.279474539383151
4.68047326249082 -0.279474539383151
4.68047326249082 -0.279474539383151
4.68047326249082 -0.279474539383151
4.71320701992596 -0.279474539383151
4.64073364433646 -0.279474539383151
4.6646731397205 -0.279474539383151
4.65874615499446 -0.269344670400289
4.65874615499446 -0.269344670400289
4.65874615499446 -0.212269683164291
4.61586635066117 -0.212269683164291
4.61586635066117 -0.192090932027329
4.61586635066117 -0.19894331926691
4.61586635066117 -0.19894331926691
4.69993077235209 -0.19894331926691
4.69993077235209 -0.234073398849591
4.69993077235209 -0.225823496091225
4.69807764255696 -0.158927417312534
4.68070002416085 -0.158927417312534
4.65700441533874 -0.158927417312534
4.65357985643267 -0.158927417312534
4.65357985643267 -0.13947336253821
4.66409138777636 -0.13947336253821
4.66409138777636 -0.13947336253821
4.66409138777636 -0.170216507586196
4.66409138777636 -0.171053732455735
4.67850153528896 -0.171053732455735
4.6594540505997 -0.171053732455735
4.64520488231566 -0.171053732455735
4.70835453775929 -0.171053732455735
4.70835453775929 -0.210657456944579
4.70835453775929 -0.210657456944579
4.73391179962704 -0.219563956592592
4.73391179962704 -0.231376231511137
4.69250398323676 -0.199492967794398
4.69250398323676 -0.199492967794398
4.69250398323676 -0.237861980289248
4.7531448293957 -0.269776288913582
4.73635807383245 -0.296558644887532
4.73635807383245 -0.294306511218112
4.73635807383245 -0.294306511218112
4.73635807383245 -0.294306511218112
4.73635807383245 -0.300891351507673
4.73635807383245 -0.321469697130482
4.75670328289152 -0.343068107490378
4.75670328289152 -0.343068107490378
4.75670328289152 -0.343068107490378
4.77369766130298 -0.343068107490378
4.80639033065287 -0.343068107490378
4.80639033065287 -0.359612506267069
4.80541358225139 -0.359612506267069
4.80541358225139 -0.343292558551691
4.70434857918635 -0.343292558551691
4.70434857918635 -0.343292558551691
4.70434857918635 -0.30855717331933
4.7438612834069 -0.304766899557736
4.7438612834069 -0.286617096722022
4.7438612834069 -0.3004649057028
4.7438612834069 -0.297533670518931
4.74338250975727 -0.27901132704206
4.74338250975727 -0.269200626587472
4.65006561452122 -0.237686272573708
4.65006561452122 -0.229417810427623
4.69062365836594 -0.229417810427623
4.65662248886741 -0.229417810427623
4.65662248886741 -0.244662074512769
4.65662248886741 -0.252273219899907
4.65662248886741 -0.252273219899907
4.66904561090071 -0.252273219899907
4.68088423578976 -0.252273219899907
4.69151441285323 -0.252273219899907
4.69151441285323 -0.252273219899907
4.69151441285323 -0.252273219899907
4.68898475544544 -0.27992005323168
4.68898475544544 -0.282447950632942
4.70039380271628 -0.263768595006221
4.70039380271628 -0.263768595006221
4.74052433391291 -0.263768595006221
4.7126522183921 -0.270683664281446
4.75996917689656 -0.270683664281446
4.75996917689656 -0.270683664281446
4.74128449172774 -0.270683664281446
4.74128449172774 -0.311846488045591
4.82593438149434 -0.311846488045591
4.83116311627351 -0.311846488045591
4.83116311627351 -0.311846488045591
4.87482755452599 -0.311846488045591
4.91769834288998 -0.385830360288642
4.91769834288998 -0.385830360288642
4.91769834288998 -0.362004599867545
4.91769834288998 -0.362004599867545
4.91769834288998 -0.384611646343291
4.9810648037137 -0.384611646343291
4.9810648037137 -0.384611646343291
4.9810648037137 -0.398157749827183
4.9810648037137 -0.391005898907471
4.9810648037137 -0.459828624164077
4.9810648037137 -0.459828624164077
4.9810648037137 -0.464230995056782
4.98158794769018 -0.464230995056782
4.95254275988461 -0.445761456891092
4.95254275988461 -0.457962382957411
4.96960039704654 -0.457962382957411
4.96960039704654 -0.456360569392246
4.96960039704654 -0.481292270537269
4.96960039704654 -0.481292270537269
4.96929114598506 -0.481292270537269
4.96929114598506 -0.481292270537269
4.96929114598506 -0.481292270537269
4.96929114598506 -0.481292270537269
4.96929114598506 -0.481292270537269
4.96929114598506 -0.4841870718161
4.96929114598506 -0.4841870718161
4.96929114598506 -0.4841870718161
4.94816994370313 -0.4841870718161
4.94816994370313 -0.4841870718161
4.93036445300869 -0.514309365708737
4.93036445300869 -0.514309365708737
4.93036445300869 -0.521980961717683
4.93036445300869 -0.521980961717683
4.93036445300869 -0.521980961717683
4.92639090811325 -0.549041788312587
4.92639090811325 -0.549041788312587
4.92639090811325 -0.549041788312587
4.94229564490141 -0.549041788312587
4.93010104629608 -0.549041788312587
4.93010104629608 -0.541756076865622
4.92874012919553 -0.538441323899807
4.92979631114843 -0.538441323899807
4.92979631114843 -0.538441323899807
4.94604206650664 -0.537117619604742
4.94604206650664 -0.537117619604742
4.94604206650664 -0.522502869273723
4.93138745764962 -0.512439809676064
4.93138745764962 -0.540446882567341
4.93138745764962 -0.540446882567341
4.93138745764962 -0.540446882567341
4.95162807762576 -0.51152137010337
4.95162807762576 -0.51152137010337
4.95162807762576 -0.51152137010337
4.95162807762576 -0.51152137010337
4.95162807762576 -0.523129433852532
4.95162807762576 -0.523129433852532
4.95162807762576 -0.523129433852532
4.93303039795401 -0.523129433852532
4.92073683320842 -0.523129433852532
4.90480332158192 -0.467397620242105
4.90480332158192 -0.467397620242105
4.91288772937429 -0.47786392987854
4.91288772937429 -0.47786392987854
4.91288772937429 -0.449515689104492
4.91288772937429 -0.475670473437755
4.92573303400316 -0.475670473437755
4.92573303400316 -0.475670473437755
4.92573303400316 -0.475670473437755
4.87612830433706 -0.475670473437755
4.86201995096718 -0.475670473437755
4.87495067150954 -0.473720099821927
4.86059867284916 -0.473720099821927
4.84373669944377 -0.473720099821927
4.84373669944377 -0.473720099821927
4.85287803346104 -0.473720099821927
4.85287803346104 -0.473720099821927
4.86460544346913 -0.476405907925804
4.86867041003813 -0.476534248454438
4.92793636925788 -0.476534248454438
4.92793636925788 -0.476534248454438
4.92793636925788 -0.439331636293006
4.92793636925788 -0.439331636293006
4.93170298690858 -0.394742471609676
4.93170298690858 -0.394742471609676
4.93170298690858 -0.394742471609676
4.93170298690858 -0.376923253828796
4.93170298690858 -0.376923253828796
4.93170298690858 -0.376923253828796
4.93170298690858 -0.366859224380165
4.96010138365675 -0.366859224380165
4.96010138365675 -0.389599284573276
4.96010138365675 -0.389599284573276
4.92614535036902 -0.373828571830332
4.88513346765063 -0.310216407116014
4.88513346765063 -0.384446899791733
4.88513346765063 -0.384446899791733
4.88513346765063 -0.371061854764108
4.90358598168146 -0.366872508982623
4.92058906970922 -0.366872508982623
4.92058906970922 -0.383587189376491
4.92058906970922 -0.383587189376491
4.92058906970922 -0.383587189376491
4.85007212079479 -0.37218621026014
4.85007212079479 -0.37218621026014
4.85007212079479 -0.368592931804284
4.86208491061498 -0.368592931804284
4.86208491061498 -0.368592931804284
4.86400187576139 -0.360721591987092
4.86400187576139 -0.360721591987092
4.8685031758018 -0.378746575531819
4.91529648954495 -0.399502781216647
4.91245606987036 -0.404841520249279
4.89809894027315 -0.410860909253397
4.89809894027315 -0.410860909253397
4.88991129182749 -0.410860909253397
4.88991129182749 -0.409591562017916
4.92971660889065 -0.409591562017916
4.92971660889065 -0.38586524601065
4.91492773933469 -0.38586524601065
4.91492773933469 -0.38586524601065
4.8651428432346 -0.38586524601065
4.8651428432346 -0.390234178753234
4.8651428432346 -0.390234178753234
4.81687994595539 -0.390234178753234
4.81687994595539 -0.390234178753234
4.81687994595539 -0.390234178753234
4.81687994595539 -0.390234178753234
4.78771411476979 -0.390234178753234
4.78771411476979 -0.391481412138175
4.82471792393696 -0.358252450526501
4.82471792393696 -0.375885886461318
4.82471792393696 -0.346041695093959
4.82471792393696 -0.31765161493624
4.82471792393696 -0.305466535022293
4.86772079091352 -0.316644685622633
4.86772079091352 -0.341767328607716
4.86772079091352 -0.341767328607716
4.86772079091352 -0.349861058697656
4.86772079091352 -0.349861058697656
4.86772079091352 -0.28608776536869
4.84476939387378 -0.28608776536869
4.90990057781664 -0.319976042375962
4.90990057781664 -0.292792613008959
4.8873145316388 -0.292792613008959
4.91657350014393 -0.292792613008959
4.91657350014393 -0.292792613008959
4.91657350014393 -0.350887565017769
4.91177210054452 -0.350887565017769
4.91177210054452 -0.350887565017769
4.90526338678339 -0.350887565017769
4.90526338678339 -0.350887565017769
4.90526338678339 -0.350887565017769
4.88153031175184 -0.350887565017769
4.87414788824057 -0.417787130797784
4.89869342962797 -0.417787130797784
4.89869342962797 -0.410064114303215
4.9391677276806 -0.419050442976176
4.9391677276806 -0.419050442976176
4.9391677276806 -0.419050442976176
4.92703683942506 -0.419050442976176
4.92703683942506 -0.419050442976176
4.92703683942506 -0.419050442976176
4.91663326342241 -0.419050442976176
4.91663326342241 -0.419050442976176
4.91663326342241 -0.419050442976176
4.95479870496634 -0.438992377519541
4.95479870496634 -0.420340229868692
4.91410858812213 -0.420340229868692
4.91439840065103 -0.432334876582243
4.952550168686 -0.432334876582243
4.9505633833719 -0.351816809066483
4.94740545708809 -0.351816809066483
4.94740545708809 -0.351816809066483
4.94740545708809 -0.351816809066483
4.94740545708809 -0.351816809066483
4.97367037470819 -0.421459415879226
4.97367037470819 -0.421459415879226
4.97367037470819 -0.421459415879226
4.97367037470819 -0.346578413423037
4.95494351787073 -0.340549404408212
4.95494351787073 -0.340549404408212
4.99076998139949 -0.340549404408212
