4.76357173545462 -0.548819673273484
4.76357173545462 -0.548819673273484
4.72780113456331 -0.533568747668076
4.72780113456331 -0.533568747668076
4.75922547432228 -0.533568747668076
4.75922547432228 -0.533568747668076
4.75922547432228 -0.533568747668076
4.7568941494744 -0.506221249733997
4.72007717393085 -0.506221249733997
4.72007717393085 -0.506221249733997
4.72007717393085 -0.506221249733997
4.72007717393085 -0.506221249733997
4.73218738139589 -0.506221249733997
4.73218738139589 -0.506221249733997
4.73218738139589 -0.506221249733997
4.73218738139589 -0.499722444906373
4.75882585497858 -0.499722444906373
4.76889284760355 -0.499722444906373
4.77978907347554 -0.499722444906373
4.77978907347554 -0.466426196125258
4.77978907347554 -0.466426196125258
4.77444750360848 -0.466426196125258
4.77444750360848 -0.477718081451238
4.77444750360848 -0.476624551248591
4.75585175687953 -0.45585249175011
4.73637088003106 -0.451096436332228
4.70091068150525 -0.451096436332228
4.70091068150525 -0.451096436332228
4.70091068150525 -0.481442377052198
4.70091068150525 -0.462831343659565
4.70091068150525 -0.462831343659565
4.70091068150525 -0.462831343659565
4.70031230195379 -0.462831343659565
4.71547579253922 -0.457507711861665
4.71547579253922 -0.457507711861665
4.7535473579487 -0.457507711861665
4.74566342820032 -0.457507711861665
4.73013877301018 -0.457507711861665
4.73013877301018 -0.435554171838058
4.69673531904338 -0.435554171838058
4.71333159122393 -0.435554171838058
4.71333159122393 -0.448600044113633
4.71333159122393 -0.448600044113633
4.71615415592853 -0.440771449094746
4.71890078304235 -0.440771449094746
4.71890078304235 -0.440771449094746
4.71890078304235 -0.440771449094746
4.71890078304235 -0.452591695661253
4.71890078304235 -0.442732362635773
4.71890078304235 -0.475265824229718
4.71890078304235 -0.475265824229718
4.71890078304235 -0.471339589657121
4.72470014517357 -0.479997913815793
4.72470014517357 -0.471990194280424
4.72470014517357 -0.471990194280424
4.72470014517357 -0.500313907628014
4.73506415255701 -0.500313907628014
4.73506415255701 -0.500313907628014
4.73506415255701 -0.500733759406352
4.70360123942525 -0.500733759406352
4.70360123942525 -0.523997797694845
4.70360123942525 -0.506936943747992
4.6943965905843 -0.506936943747992
4.70591161961869 -0.506936943747992
4.72350527546337 -0.487963029173039
4.72230026089426 -0.511629763756258
4.72230026089426 -0.491433730708372
4.72230026089426 -0.488577686756296
4.70976250749585 -0.488577686756296
4.68734192593204 -0.488577686756296
4.70598717235509 -0.488577686756296
4.71205089604422 -0.488020702892513
4.71205089604422 -0.488020702892513
4.71750217541032 -0.48547190525392
4.71750217541032 -0.48547190525392
4.72384644486394 -0.485551340695006
4.71164076756096 -0.496336425684728
4.67138762243608 -0.510888152257957
4.64914265255796 -0.510888152257957
4.64914265255796 -0.510888152257957
4.66990400220875 -0.510888152257957
4.66990400220875 -0.501279036643798
4.66990400220875 -0.501279036643798
4.64932570163692 -0.508688599265376
4.64932570163692 -0.508688599265376
4.64932570163692 -0.508688599265376
4.64932570163692 -0.508688599265376
4.65513801459505 -0.478762329977928
4.65513801459505 -0.478762329977928
4.65513801459505 -0.486815790672221
4.61597144024013 -0.48861650963903
4.61936999661026 -0.493235129058517
4.63379017472597 -0.493235129058517
4.63379017472597 -0.493235129058517
4.63379017472597 -0.479007021440702
4.63379017472597 -0.479007021440702
4.63379017472597 -0.482507879719663
4.63379017472597 -0.482507879719663
4.64232041817926 -0.482507879719663
4.61035947059729 -0.482507879719663
4.61035947059729 -0.474603302616801
4.61035947059729 -0.477471066685166
4.61035947059729 -0.456188118839245
4.59241271026489 -0.443113818580638
4.61823884932862 -0.443113818580638
4.61488169249014 -0.443024099976233
4.61874419019119 -0.457659615750825
4.61874419019119 -0.457659615750825
4.64291769948687 -0.442849660359985
4.64249863744404 -0.441284325392832
4.61626382261447 -0.441284325392832
4.61425090050675 -0.42511629500805
4.61425090050675 -0.42318404459341
4.61425090050675 -0.42318404459341
4.60153747249212 -0.42318404459341
4.57991094063242 -0.42916765823554
4.56818255222175 -0.411659855777158
4.56818255222175 -0.41543388487265
4.56818255222175 -0.430640032365354
4.56818255222175 -0.430640032365354
4.57239318925077 -0.426502933086711
4.57239318925077 -0.426502933086711
4.57239318925077 -0.426502933086711
4.57239318925077 -0.426502933086711
4.6034212279115 -0.427269976466926
4.6034212279115 -0.427269976466926
4.5956350834858 -0.427269976466926
4.5956350834858 -0.44097308432484
4.5956350834858 -0.44097308432484
4.5956350834858 -0.44097308432484
4.5956350834858 -0.432699876046909
4.63840375596489 -0.435377294280122
4.66882279466169 -0.435377294280122
4.66882279466169 -0.420964681223377
4.66882279466169 -0.420827534729117
4.6699946116508 -0.424988986491946
4.66792350405402 -0.424988986491946
4.66792350405402 -0.424988986491946
4.66792350405402 -0.424988986491946
4.65766637639989 -0.431347082809299
4.65766637639989 -0.431347082809299
4.66692620006591 -0.431347082809299
4.68417720305647 -0.416664571299354
4.68417720305647 -0.413774409432178
4.71180169392739 -0.413774409432178
4.67952564758638 -0.429804482052595
4.67952564758638 -0.429804482052595
4.68736488544097 -0.408433249351852
4.67947713058667 -0.408433249351852
4.67947713058667 -0.408433249351852
4.67733357739257 -0.415297559285267
4.67625274163208 -0.414126585436658
4.67625274163208 -0.414126585436658
4.67625274163208 -0.414126585436658
4.67625274163208 -0.433751687269677
4.67625274163208 -0.433751687269677
4.67625274163208 -0.433144997177469
4.70122937824151 -0.446694408343338
4.70122937824151 -0.428757924103532
4.7061587967946 -0.426971738352276
4.7391329212183 -0.426971738352276
4.7391329212183 -0.437940911270919
4.74551980355359 -0.437940911270919
4.74370709807823 -0.401909539139567
4.78086177734468 -0.377845081356891
4.78086177734468 -0.384388132345604
4.79484944411023 -0.384388132345604
4.7922213910708 -0.374932373173434
4.7922213910708 -0.374932373173434
4.78499600265671 -0.374932373173434
4.78499600265671 -0.384363222514837
4.78411059128649 -0.38528653747131
4.78411059128649 -0.401132517459849
4.7799513902858 -0.401132517459849
4.7799513902858 -0.401132517459849
4.78356877582601 -0.401132517459849
4.78356877582601 -0.401132517459849
4.78356877582601 -0.38488525334428
4.78356877582601 -0.38488525334428
4.78356877582601 -0.367001069220658
4.78356877582601 -0.37352785566701
4.76085987492797 -0.398824582665998
4.76085987492797 -0.398824582665998
4.79267146198682 -0.409281011243808
4.79267146198682 -0.409281011243808
4.78281148679469 -0.39980394307713
4.81087329550245 -0.395113212683101
4.81087329550245 -0.403203439233637
4.81087329550245 -0.403203439233637
4.81087329550245 -0.403203439233637
4.78825025595489 -0.392392905012933
4.78825025595489 -0.404902776846904
4.78825025595489 -0.404902776846904
4.78825025595489 -0.397123968683863
4.7361401346071 -0.397123968683863
4.69491695998041 -0.418976648701342
4.69225001281645 -0.418976648701342
4.6812364884768 -0.418976648701342
4.6812364884768 -0.418976648701342
4.6812364884768 -0.442488323843248
4.6812364884768 -0.442488323843248
4.6812364884768 -0.442488323843248
4.67233193709875 -0.430401674481564
4.66150756951215 -0.430401674481564
4.66150756951215 -0.455231324970476
4.66295381452277 -0.455231324970476
4.66295381452277 -0.45386454944416
4.66798913962763 -0.45386454944416
4.67062480265834 -0.464296698339811
4.65049127111592 -0.476407453222283
4.65049127111592 -0.450214674429148
4.66663046626767 -0.450214674429148
4.66663046626767 -0.450214674429148
4.66551189675867 -0.450214674429148
4.67188658556329 -0.450214674429148
4.67188658556329 -0.439508833352606
4.67188658556329 -0.455752427121775
4.67188658556329 -0.455752427121775
4.66775407263881 -0.425577685132087
4.66775407263881 -0.444353176843262
4.66775407263881 -0.444353176843262
4.66775407263881 -0.444353176843262
4.67739687572451 -0.444353176843262
4.67739687572451 -0.440823540973114
4.67739687572451 -0.446454475637983
4.67739687572451 -0.44754793193616
4.67739687572451 -0.44754793193616
4.69772094874838 -0.44754793193616
4.69801368842402 -0.462416942308843
4.6911317410061 -0.459806709715539
4.6911317410061 -0.459806709715539
4.74466243298389 -0.459664804754846
4.74466243298389 -0.459664804754846
4.74031031106127 -0.438295052158234
4.72059871555057 -0.438295052158234
4.72059871555057 -0.438295052158234
4.76547646633234 -0.429441092221298
4.74702304865651 -0.443254494508375
4.74702304865651 -0.432893973659342
4.74702304865651 -0.432893973659342
4.76785889038214 -0.416521914697123
4.76785889038214 -0.416521914697123
4.76785889038214 -0.416521914697123
4.73922120998745 -0.416521914697123
4.73922120998745 -0.416521914697123
4.73898184382622 -0.393971131977135
4.73898184382622 -0.393971131977135
4.73898184382622 -0.393971131977135
4.73898184382622 -0.413015197940543
4.77084694534344 -0.425287712911775
4.77126740321301 -0.412831785551075
4.763388360261 -0.412831785551075
4.76758287229982 -0.414677235029495
4.76758287229982 -0.414677235029495
4.76758287229982 -0.414677235029495
4.76758287229982 -0.403695086562514
4.73470132667969 -0.401909617143902
4.78839874099667 -0.401909617143902
4.78839874099667 -0.401909617143902
4.76963821061998 -0.401909617143902
4.76048456917401 -0.401909617143902
4.76221719436686 -0.401909617143902
4.76221719436686 -0.400623943631651
4.76150910932852 -0.395451415273266
4.76150910932852 -0.395451415273266
4.76150910932852 -0.395451415273266
4.76150910932852 -0.395451415273266
4.76150910932852 -0.395451415273266
4.75483868745344 -0.395451415273266
4.77592037830702 -0.395451415273266
4.78495811035021 -0.399160515525036
4.78495811035021 -0.39506337563058
4.78495811035021 -0.388848696337689
4.81712405139034 -0.416897570104133
4.81712405139034 -0.406023233063271
4.81712405139034 -0.406023233063271
4.82090196253055 -0.406023233063271
4.82090196253055 -0.406443167321412
4.85718604139413 -0.406443167321412
4.86674953225575 -0.406443167321412
4.86961085555549 -0.406443167321412
4.85873675174614 -0.406443167321412
4.85873675174614 -0.406443167321412
4.87141538822731 -0.406443167321412
4.87141538822731 -0.403463800631717
4.87730797068246 -0.403463800631717
4.86966673392503 -0.405495043866925
4.85121500032034 -0.405495043866925
4.82585497391912 -0.405495043866925
4.82585497391912 -0.405495043866925
4.82585497391912 -0.405495043866925
4.82585497391912 -0.399355720335494
4.82585497391912 -0.402195596332664
4.8179435747295 -0.395636828023236
4.80961935438116 -0.395636828023236
4.80961935438116 -0.395636828023236
4.84462501997018 -0.41129580219974
4.84258167102345 -0.41129580219974
4.83167137203733 -0.41129580219974
4.83167137203733 -0.41129580219974
4.83167137203733 -0.411423253415585
4.83167137203733 -0.407532581616832
4.83167137203733 -0.407532581616832
4.83167137203733 -0.407532581616832
4.81527386965697 -0.407532581616832
4.79923761676701 -0.407532581616832
4.79923761676701 -0.407532581616832
4.79923761676701 -0.397932438086027
4.79923761676701 -0.397932438086027
4.8158357243496 -0.398096122648584
4.80070655326757 -0.398096122648584
4.80070655326757 -0.38558906276297
4.80070655326757 -0.379569403401451
4.80565813604222 -0.383210416309831
4.83277921972426 -0.36431110907836
4.80866102978291 -0.36431110907836
4.80866102978291 -0.36431110907836
4.7855581412168 -0.396515471197966
4.78066524018462 -0.388504690383357
4.78066524018462 -0.37487092685214
4.79970341936305 -0.370078625513689
4.79970341936305 -0.354421523721846
4.84124641593661 -0.354421523721846
4.83092308636028 -0.370447911764028
4.83092308636028 -0.357536022757237
4.83092308636028 -0.357536022757237
4.81467170344745 -0.357536022757237
4.81467170344745 -0.357536022757237
4.81467170344745 -0.35920280724728
4.80580025111211 -0.35920280724728
4.80580025111211 -0.35920280724728
4.80580025111211 -0.35920280724728
4.80580025111211 -0.382888429873693
4.80659986357388 -0.408847231857381
4.79852124268903 -0.382250270816624
4.79852124268903 -0.382250270816624
4.77524969594745 -0.403036871334393
4.77524969594745 -0.403036871334393
4.7824275340033 -0.403036871334393
4.7824275340033 -0.403036871334393
4.8281635076951 -0.403036871334393
4.81302807391821 -0.402263817885356
4.81302807391821 -0.397761171511556
4.81302807391821 -0.373561718318075
4.81912219641766 -0.386756485086545
4.81912219641766 -0.386756485086545
4.80851518459431 -0.386756485086545
4.81178495484401 -0.358973675438669
4.81178495484401 -0.365009666354318
4.84027392540248 -0.346793369043973
4.84027392540248 -0.350923975605553
4.84027392540248 -0.350923975605553
4.82263280001685 -0.343358280783762
4.82263280001685 -0.317029851865817
4.82263280001685 -0.317029851865817
4.78889272165074 -0.317029851865817
4.78889272165074 -0.30765645270501
4.78889272165074 -0.30765645270501
4.81052681552307 -0.316510122938319
4.80882952420353 -0.309110901592747
4.78194947640742 -0.340523461275086
4.78194947640742 -0.367422181985766
4.78194947640742 -0.350487795343526
4.78194947640742 -0.347937574497995
4.79324588556837 -0.352798970186138
4.79455684390003 -0.342679497128967
4.79455684390003 -0.342679497128967
4.77210690978849 -0.34366634231433
4.77210690978849 -0.34366634231433
4.80249484386814 -0.359041340025194
4.80249484386814 -0.39297872971118
4.80249484386814 -0.39297872971118
4.80249484386814 -0.39297872971118
4.80249484386814 -0.39297872971118
4.80249484386814 -0.39297872971118
4.80249484386814 -0.39297872971118
4.81028230657896 -0.401238541335454
4.81028230657896 -0.401238541335454
4.78930584432842 -0.39148109814341
4.78930584432842 -0.39148109814341
4.78930584432842 -0.443614467004899
4.78930584432842 -0.443614467004899
4.78574903657369 -0.453318773071413
4.7903139855487 -0.453318773071413
4.78345623017283 -0.447223535837937
4.78345623017283 -0.444749762023433
4.78345623017283 -0.444749762023433
4.78345623017283 -0.456317015899824
4.78345623017283 -0.472317938786353
4.75654106808935 -0.474552830883359
4.75654106808935 -0.474552830883359
4.74710864658045 -0.474552830883359
4.72654994108697 -0.474552830883359
4.72654994108697 -0.469194298243784
4.72654994108697 -0.469194298243784
4.72654994108697 -0.469194298243784
4.72654994108697 -0.476565166130484
4.72654994108697 -0.476565166130484
4.72654994108697 -0.455463993684969
4.72654994108697 -0.455463993684969
4.72957621000339 -0.467936214439966
4.72645351225802 -0.442286977558024
4.72645351225802 -0.413305596655
4.73447651712419 -0.413305596655
4.75613127105843 -0.426681699195292
4.75613127105843 -0.426681699195292
4.75613127105843 -0.434715763489993
4.80275975226703 -0.421579596015249
4.76357037238178 -0.425400715028739
4.78017678744588 -0.425400715028739
4.78017678744588 -0.425400715028739
4.78017678744588 -0.428488997002433
4.78017678744588 -0.422674338607654
4.78017678744588 -0.438487454201334
4.78778182757072 -0.440858176042529
4.78778182757072 -0.443287128209584
4.78778182757072 -0.444016681821998
4.78778182757072 -0.480317996905237
4.77988277763803 -0.475618852548819
4.77988277763803 -0.475618852548819
4.77988277763803 -0.428432573939451
4.77918054087536 -0.428432573939451
4.77273770854771 -0.428432573939451
4.76355960745867 -0.473967427853742
4.76355960745867 -0.473967427853742
4.76355960745867 -0.473967427853742
4.76355960745867 -0.458735219213735
4.72154362615151 -0.458735219213735
4.7249241563609 -0.458735219213735
4.73810898629215 -0.469084635759945
4.71322622041103 -0.469084635759945
4.71322622041103 -0.471007931176885
4.71322622041103 -0.471007931176885
4.6998491220792 -0.498937282286794
4.6998491220792 -0.498937282286794
4.71519795778429 -0.484816078387299
4.71519795778429 -0.484816078387299
4.71519795778429 -0.495935867818608
4.73420367798968 -0.495935867818608
4.73420367798968 -0.495935867818608
4.73420367798968 -0.495935867818608
4.70645744868837 -0.495935867818608
4.72730801754481 -0.495935867818608
4.72730801754481 -0.495935867818608
4.73590710304493 -0.4704129733614
4.73590710304493 -0.4704129733614
4.78231536110333 -0.4704129733614
4.78222134561233 -0.4704129733614
4.76951927289656 -0.4704129733614
4.76951927289656 -0.4704129733614
4.76951927289656 -0.464169443276871
4.76951927289656 -0.464169443276871
4.75881176046666 -0.465069362689789
4.77668456095032 -0.464586912198619
4.81320796834818 -0.464586912198619
4.81320796834818 -0.464586912198619
4.81320796834818 -0.474885922297731
4.79900738961619 -0.474885922297731
4.79900738961619 -0.474885922297731
4.82446881687816 -0.474885922297731
4.80978989573327 -0.483322432521369
4.80978989573327 -0.483322432521369
4.79774671995141 -0.483322432521369
4.7963509790204 -0.483322432521369
4.7963509790204 -0.46063540067939
4.7963509790204 -0.46063540067939
4.7963509790204 -0.46063540067939
4.7963509790204 -0.46063540067939
4.79253195192908 -0.46063540067939
4.80499452847973 -0.478328222002858
4.80965981560249 -0.478328222002858
4.80965981560249 -0.476866220159047
4.80965981560249 -0.476866220159047
4.80965981560249 -0.476866220159047
4.79997447185021 -0.485172946357944
4.79997447185021 -0.485172946357944
4.79997447185021 -0.485172946357944
4.79997447185021 -0.488715314059508
4.79997447185021 -0.486031729979173
4.79997447185021 -0.493625017696628
4.79997447185021 -0.493625017696628
4.79997447185021 -0.493625017696628
4.79997447185021 -0.498842116441074
4.78422945460652 -0.524290054021073
4.78422945460652 -0.524290054021073
4.78422945460652 -0.524290054021073
4.78422945460652 -0.524290054021073
4.78422945460652 -0.525624089111743
4.78422945460652 -0.525624089111743
4.78422945460652 -0.521214446852849
4.77530317069225 -0.52857638460126
4.75111970038869 -0.52857638460126
4.75592978900722 -0.52857638460126
4.76134633743206 -0.52857638460126
4.7399407166184 -0.527673554717556
4.7399407166184 -0.527798724230508
4.7399407166184 -0.526557601418564
4.7399407166184 -0.526557601418564
4.75131660054353 -0.534274224930451
4.750662138533 -0.516746271953142
4.750662138533 -0.516746271953142
4.72239889080297 -0.516746271953142
4.715831706718 -0.516746271953142
4.715831706718 -0.516746271953142
4.715831706718 -0.531745240848157
4.715831706718 -0.531745240848157
4.715831706718 -0.540147565290683
4.71056563977212 -0.540147565290683
4.71056563977212 -0.529890234681982
4.73302637294204 -0.529890234681982
4.70476462123449 -0.529890234681982
4.70476462123449 -0.54345120083308
4.70752891206978 -0.560827631494235
4.69507689235684 -0.551334062850045
4.66041804007616 -0.551334062850045
4.66847756192224 -0.551334062850045
4.66847756192224 -0.551334062850045
4.66847756192224 -0.551334062850045
4.66847756192224 -0.551037320511653
4.66847756192224 -0.539764000072553
4.66847756192224 -0.539764000072553
4.66847756192224 -0.539764000072553
4.66390245009091 -0.530667764054133
4.66390245009091 -0.530667764054133
4.66390245009091 -0.542573148533765
4.66390245009091 -0.523223132486842
4.66390245009091 -0.523223132486842
4.66390245009091 -0.505433045331667
4.66390245009091 -0.505433045331667
4.66944982721054 -0.492096365296334
4.69285743797319 -0.492096365296334
4.69961170097785 -0.468723268508685
4.69817811116859 -0.468723268508685
4.69817811116859 -0.468723268508685
4.69817811116859 -0.467315304315413
4.69817811116859 -0.467315304315413
4.69817811116859 -0.467315304315413
4.71882434699412 -0.467315304315413
4.71882434699412 -0.467315304315413
4.71882434699412 -0.439265151693321
4.72610146648861 -0.439265151693321
4.72610146648861 -0.451789593223041
4.73930129787005 -0.451789593223041
4.73930129787005 -0.451789593223041
4.73930129787005 -0.451789593223041
4.73930129787005 -0.451789593223041
4.73930129787005 -0.451789593223041
4.72473012373949 -0.451789593223041
4.72473012373949 -0.442141672269492
4.72473012373949 -0.442141672269492
4.71958369784862 -0.437300288798486
4.72783605254023 -0.437300288798486
4.72224330941124 -0.429754144038858
4.72224330941124 -0.429754144038858
4.70225771670638 -0.429754144038858
4.69633200645326 -0.429754144038858
4.69633200645326 -0.435702829065677
4.69633200645326 -0.435702829065677
4.69633200645326 -0.435675843188806
4.69633200645326 -0.435675843188806
4.69633200645326 -0.419230347504818
4.69633200645326 -0.419230347504818
4.68225918677334 -0.419230347504818
4.70818121133856 -0.419230347504818
4.70818121133856 -0.419230347504818
4.70818121133856 -0.419230347504818
4.70818121133856 -0.419230347504818
4.70818121133856 -0.419230347504818
4.70818121133856 -0.419230347504818
4.7057296910782 -0.415725287375475
4.7057296910782 -0.398157023189976
4.7057296910782 -0.404289452338118
4.7057296910782 -0.404289452338118
4.7057296910782 -0.404289452338118
4.7057296910782 -0.404289452338118
4.70947820595553 -0.404289452338118
4.72879248552218 -0.397728884783873
4.70928091625995 -0.402990731946758
4.70928091625995 -0.370882704741755
4.70928091625995 -0.363873060001093
4.70797317954072 -0.379181156729044
4.65747901728533 -0.379181156729044
4.68331625326824 -0.392598887879214
4.68331625326824 -0.392598887879214
4.68331625326824 -0.399852823905522
4.64969335355505 -0.399852823905522
4.64969335355505 -0.399852823905522
4.64969335355505 -0.370618227113316
4.63010769733485 -0.395054170686989
4.63010769733485 -0.394760648642305
4.63557322755322 -0.394760648642305
4.61344675789754 -0.394760648642305
4.61344675789754 -0.398672131899476
4.61344675789754 -0.398672131899476
4.6264091663947 -0.398672131899476
4.6264091663947 -0.398672131899476
4.6264091663947 -0.426192084183617
4.66010090340732 -0.410179943688795
4.66010090340732 -0.410179943688795
4.66010090340732 -0.410179943688795
4.65870463491053 -0.405593117178603
4.65870463491053 -0.405593117178603
4.66776955741115 -0.406514655920433
4.66776955741115 -0.408350418008913
4.66776955741115 -0.408350418008913
4.68104924942422 -0.408350418008913
4.67645824321122 -0.408350418008913
4.67645824321122 -0.417895347641288
4.67645824321122 -0.417895347641288
4.67989068132352 -0.417895347641288
4.69852643878054 -0.417895347641288
4.6737334251799 -0.417895347641288
4.68677370597207 -0.393181647658683
4.68677370597207 -0.393181647658683
4.70556477830825 -0.393181647658683
4.7497861456491 -0.393181647658683
4.75007291421624 -0.396674295814638
4.69806011991197 -0.396674295814638
4.71322879742859 -0.392608665102254
4.73900390876632 -0.394294666216205
4.73900390876632 -0.394294666216205
4.74041293014561 -0.394294666216205
4.74041293014561 -0.390255857138569
4.74041293014561 -0.418872899801119
4.74041293014561 -0.418872899801119
4.74041293014561 -0.418872899801119
4.74041293014561 -0.418555696192562
4.72884528041915 -0.418555696192562
4.72884528041915 -0.412248024328631
4.72884528041915 -0.413998757532348
4.7275198489513 -0.413998757532348
4.7275198489513 -0.413998757532348
4.7275198489513 -0.413998757532348
4.71493323292269 -0.406704047733313
4.71493323292269 -0.406704047733313
4.71290498037981 -0.415311463365898
4.71290498037981 -0.415311463365898
4.69534500462419 -0.415311463365898
4.69534500462419 -0.418497358618916
4.69534500462419 -0.431269115496517
4.69534500462419 -0.431269115496517
4.69534500462419 -0.431269115496517
4.71016190899102 -0.431269115496517
4.71016190899102 -0.423910352794532
4.71016190899102 -0.423910352794532
4.71016190899102 -0.354630364720047
4.69210472209727 -0.354630364720047
4.68888713832423 -0.363508066205198
4.68888713832423 -0.374230471430308
4.70694963277564 -0.37484054197213
4.70694963277564 -0.406213845945227
4.70694963277564 -0.385539943219315
4.7086375733178 -0.385539943219315
4.7086375733178 -0.413192776320111
4.7125853610582 -0.426786787865527
4.7125853610582 -0.426786787865527
4.7125853610582 -0.426786787865527
4.73842002138182 -0.426786787865527
4.73842002138182 -0.443723668808808
4.73807369916847 -0.449703736093825
4.72119357195051 -0.449703736093825
4.72119357195051 -0.449703736093825
4.73217071725633 -0.449703736093825
4.73217071725633 -0.449703736093825
4.7305211407403 -0.449703736093825
4.7305211407403 -0.426058570541619
4.7305211407403 -0.426058570541619
4.74473905056493 -0.426058570541619
4.74473905056493 -0.426058570541619
4.76422288453937 -0.426058570541619
4.76422288453937 -0.426058570541619
4.7263799086668 -0.426058570541619
4.76603363023919 -0.426058570541619
4.76603363023919 -0.427049139566078
4.76603363023919 -0.422641594007793
4.76603363023919 -0.422641594007793
4.76603363023919 -0.422641594007793
4.74571601191734 -0.426678190848777
4.74571601191734 -0.426678190848777
4.74571601191734 -0.412509919369517
4.72575387763414 -0.430951682744075
4.72575387763414 -0.454045274459115
4.74995768550314 -0.454045274459115
4.74995768550314 -0.454045274459115
4.75586276736561 -0.454045274459115
4.75586276736561 -0.445103723191732
4.73855130465619 -0.436791782550401
4.74081131632445 -0.436791782550401
4.74081131632445 -0.436791782550401
4.74081131632445 -0.436791782550401
4.74190781846071 -0.436791782550401
4.73851517696218 -0.459446654926174
4.72583950863186 -0.449787940811172
4.72583950863186 -0.439447818311643
4.73681027523257 -0.426403120264403
4.75580401794136 -0.427070362116801
4.75580401794136 -0.427070362116801
4.75580401794136 -0.427070362116801
4.78091507400088 -0.427070362116801
4.78091507400088 -0.427070362116801
4.78395455754621 -0.406896065350737
4.76838796240565 -0.406896065350737
4.76838796240565 -0.380798867173878
4.76838796240565 -0.394831385644909
4.73624460886029 -0.396202860968392
4.73624460886029 -0.43142980614131
4.72308531395914 -0.433434680702279
4.7472141481229 -0.43562858847976
4.73425288152118 -0.434857156349818
4.73425288152118 -0.419848940807753
4.72621535097606 -0.419848940807753
4.75072164981363 -0.419848940807753
4.74765855120099 -0.419848940807753
4.74765855120099 -0.419848940807753
4.74358855735308 -0.4150261889366
4.74358855735308 -0.389757065373335
4.74358855735308 -0.402202686155448
4.81043900658949 -0.423968285636393
4.7940088352592 -0.418887264156953
4.77734978711743 -0.418887264156953
4.77734978711743 -0.426111502864193
4.77734978711743 -0.426111502864193
4.77734978711743 -0.423350145724203
4.77734978711743 -0.423350145724203
4.77734978711743 -0.429189963417058
4.77734978711743 -0.423246335371595
4.78557433500397 -0.428460041829177
4.80853178480498 -0.428460041829177
4.80853178480498 -0.428460041829177
4.82658204213084 -0.428460041829177
4.82658204213084 -0.438968613653328
4.82658204213084 -0.446483517007288
4.82024045348801 -0.446483517007288
4.82024045348801 -0.446483517007288
4.82024045348801 -0.446483517007288
4.81287244116841 -0.446483517007288
4.81222056151308 -0.443436675199226
4.81222056151308 -0.458186403171363
4.83129993443559 -0.441902201953274
4.83129993443559 -0.441902201953274
4.83129993443559 -0.441902201953274
4.83129993443559 -0.446963634060754
4.8323552579351 -0.446963634060754
4.8323552579351 -0.446963634060754
4.86064340291421 -0.432849664957718
4.86839099382822 -0.432849664957718
4.85993053652408 -0.432849664957718
4.87384029833893 -0.432849664957718
4.87384029833893 -0.432849664957718
4.87384029833893 -0.432849664957718
4.87384029833893 -0.432849664957718
4.87384029833893 -0.432849664957718
4.87384029833893 -0.425451456750371
4.87384029833893 -0.448801904452124
4.84757797918804 -0.448801904452124
4.83122063262613 -0.466597231826521
4.83122063262613 -0.474000443197772
4.83122063262613 -0.474000443197772
4.83122063262613 -0.474000443197772
4.78383544826592 -0.469685390613577
4.78383544826592 -0.469685390613577
4.75944200284684 -0.476295677689257
4.75944200284684 -0.470562872599929
4.74607454163883 -0.454791720828732
4.74219488677665 -0.454791720828732
4.74219488677665 -0.454791720828732
4.75900539671242 -0.454791720828732
4.75900539671242 -0.454791720828732
4.75900539671242 -0.454791720828732
4.75900539671242 -0.454791720828732
4.75900539671242 -0.454791720828732
4.75900539671242 -0.454791720828732
4.75900539671242 -0.454791720828732
4.79939607696954 -0.454791720828732
4.79939607696954 -0.424531203722956
4.75410235797225 -0.424531203722956
4.75665030637019 -0.427043580376612
4.75665030637019 -0.432889600923795
4.76385733343853 -0.432889600923795
4.76359914206972 -0.432889600923795
4.76359914206972 -0.432889600923795
4.76359914206972 -0.424911658447138
4.76359914206972 -0.424911658447138
4.76359914206972 -0.416901905720694
4.7712949058184 -0.416171760011185
4.7712949058184 -0.416171760011185
4.7853896250064 -0.37885613994651
4.7853896250064 -0.37885613994651
4.73719621061138 -0.383247356242501
4.73719621061138 -0.398109581026757
4.73719621061138 -0.398109581026757
4.76774280843712 -0.373031284079115
4.76774280843712 -0.373031284079115
4.76774280843712 -0.373031284079115
4.76774280843712 -0.37585624354826
4.76774280843712 -0.37585624354826
4.76774280843712 -0.37585624354826
4.77357355125451 -0.37585624354826
4.77357355125451 -0.37585624354826
4.77357355125451 -0.38520988709058
4.77357355125451 -0.38520988709058
4.77357355125451 -0.403104716117836
4.72979943482576 -0.397297075394922
4.72979943482576 -0.397297075394922
4.72979943482576 -0.397297075394922
4.72979943482576 -0.387954272790587
4.77362241644068 -0.37243205271535
4.77362241644068 -0.37243205271535
4.77362241644068 -0.37243205271535
4.77362241644068 -0.37243205271535
4.8119948422397 -0.376961255205026
4.78563404077079 -0.376961255205026
4.78563404077079 -0.376961255205026
4.78563404077079 -0.351375527143153
4.78563404077079 -0.351375527143153
4.78563404077079 -0.345799556770917
4.77403850088246 -0.344375834470451
4.77403850088246 -0.344375834470451
4.77403850088246 -0.328665119102549
4.79879314440871 -0.339322103377586
4.80651242897383 -0.339322103377586
4.77130912631785 -0.339322103377586
4.77130912631785 -0.339322103377586
4.77130912631785 -0.339322103377586
4.77462150799299 -0.344968898545327
4.77462150799299 -0.353965814735581
4.77462150799299 -0.353965814735581
4.77462150799299 -0.353965814735581
4.77202961948611 -0.371620349358642
4.77202961948611 -0.371893402837837
4.80473452624537 -0.371893402837837
4.80473452624537 -0.371893402837837
4.76812169962416 -0.411227129554114
4.76812169962416 -0.436997215387031
4.8013983803021 -0.436997215387031
4.8013983803021 -0.436997215387031
4.78226786912938 -0.442946617122153
4.78226786912938 -0.459366057287669
4.78226786912938 -0.459366057287669
4.77573246388652 -0.452605621204159
4.79639497007968 -0.452605621204159
4.79639497007968 -0.45780263578116
4.82753875250196 -0.45780263578116
4.82753875250196 -0.45780263578116
4.82753875250196 -0.45780263578116
4.82753875250196 -0.45780263578116
4.80700048482694 -0.45543441457905
4.8295201223186 -0.43747567552761
4.8295201223186 -0.43747567552761
4.8295201223186 -0.43747567552761
4.83270811283928 -0.43747567552761
4.83270811283928 -0.432241721631622
4.83270811283928 -0.43515350421283
4.85472485227248 -0.43515350421283
4.80441058648707 -0.43515350421283
4.80441058648707 -0.43515350421283
4.80441058648707 -0.447420073540715
4.79279146699811 -0.447420073540715
4.77285008988226 -0.448964442391076
4.77285008988226 -0.448964442391076
4.77879333933796 -0.449363650259941
4.77431991496768 -0.447940421037309
4.7852557605762 -0.447940421037309
4.72450503348244 -0.447940421037309
4.72450503348244 -0.447940421037309
4.73119642774096 -0.460305931257833
4.79261029798296 -0.460305931257833
4.79675231043007 -0.464542477354715
4.80007953649916 -0.464542477354715
4.80007953649916 -0.470323559251967
4.80007953649916 -0.470323559251967
4.80007953649916 -0.471666703006115
4.79930392050253 -0.450538000231751
4.79930392050253 -0.475404780201259
4.79930392050253 -0.475404780201259
4.79930392050253 -0.475404780201259
4.79930392050253 -0.476198262318093
4.79930392050253 -0.467534385443278
4.79918281326208 -0.467534385443278
4.79918281326208 -0.457846281039136
4.79918281326208 -0.467614535822351
4.79918281326208 -0.482437142836884
4.78778580557575 -0.48564875315986
4.78778580557575 -0.48564875315986
4.78778580557575 -0.493914710911302
4.7640429111776 -0.492956173499104
4.74326326976229 -0.449833019525747
4.74326326976229 -0.449833019525747
4.74326326976229 -0.448553942664794
4.74326326976229 -0.44901609498584
4.72221223535293 -0.44901609498584
4.73386374390794 -0.43573005330575
4.75060015901328 -0.420307752115655
4.75060015901328 -0.420307752115655
4.75060015901328 -0.420307752115655
4.75787567871427 -0.420307752115655
4.78375758897168 -0.420307752115655
4.78375758897168 -0.420307752115655
4.78375758897168 -0.420307752115655
4.78388810860868 -0.423684470094957
4.78388810860868 -0.391681312823668
4.78388810860868 -0.388058659094898
4.81990316010633 -0.388058659094898
4.81990316010633 -0.377643382402681
4.81990316010633 -0.378423998621048
4.83151500749807 -0.378423998621048
4.83151500749807 -0.373459771398439
4.83151500749807 -0.371103840862239
4.85855973357714 -0.371103840862239
4.85855973357714 -0.366946741633864
4.85855973357714 -0.367248203868727
4.85855973357714 -0.367248203868727
4.8353140184119 -0.367248203868727
4.80855972487088 -0.367248203868727
4.78606925789305 -0.371719718159115
4.78606925789305 -0.409926070429072
4.78606925789305 -0.409926070429072
4.8147095301229 -0.379777411351575
4.8147095301229 -0.384070998773386
4.7949605888896 -0.380164652192073
4.7949605888896 -0.380164652192073
4.8166338923192 -0.380173347338834
4.83175009599656 -0.380173347338834
4.78522209311204 -0.380173347338834
4.75161379849375 -0.425313250563596
4.75368156689058 -0.413935590951551
4.75636151900016 -0.435149941604289
4.71626449292822 -0.435149941604289
4.71626449292822 -0.435149941604289
4.74647087655244 -0.435149941604289
4.71982823017233 -0.435149941604289
4.71982823017233 -0.435149941604289
4.71982823017233 -0.435149941604289
4.72374647553041 -0.465422981479139
4.72208738985409 -0.465422981479139
4.72729961632468 -0.465422981479139
4.69198644634433 -0.465422981479139
4.69198644634433 -0.48272993989312
4.69198644634433 -0.48272993989312
4.64644782757009 -0.48272993989312
4.64644782757009 -0.498535528296291
4.64644782757009 -0.498535528296291
4.64204721767948 -0.498535528296291
4.64204721767948 -0.504322547249964
4.64204721767948 -0.477016119432115
4.62254309944037 -0.484839116311825
4.62254309944037 -0.492724347050088
4.61255750164203 -0.475296015913998
4.61255750164203 -0.475296015913998
4.61255750164203 -0.475296015913998
4.59427238070658 -0.475296015913998
4.58929689332377 -0.475296015913998
4.58929689332377 -0.475296015913998
4.58929689332377 -0.475296015913998
4.56735947524005 -0.475296015913998
4.56735947524005 -0.469594629836458
4.56735947524005 -0.458394557612684
4.56735947524005 -0.458394557612684
4.56735947524005 -0.466365117152981
4.58764374780905 -0.466365117152981
4.58764374780905 -0.444784109939461
4.59774897911281 -0.444784109939461
4.59774897911281 -0.429288713603785
4.57741122163937 -0.442595941717907
4.57741122163937 -0.442595941717907
4.57741122163937 -0.440089948409642
4.56626443145634 -0.440089948409642
4.58642378081038 -0.449228918931027
4.58251471239217 -0.449228918931027
4.58251471239217 -0.449228918931027
4.58014250395051 -0.44544798539105
4.58014250395051 -0.467741336088685
4.57996309711376 -0.467741336088685
4.57996309711376 -0.467741336088685
4.57996309711376 -0.467741336088685
4.57996309711376 -0.466373947607883
4.57996309711376 -0.466373947607883
4.57672323500471 -0.466373947607883
4.57672323500471 -0.441509293738669
4.57672323500471 -0.427561793873098
4.60259699947085 -0.427561793873098
4.60005752027943 -0.427561793873098
4.60132321592298 -0.446597707490555
4.60201160681721 -0.446597707490555
4.59947617097818 -0.446597707490555
4.58329542775152 -0.446597707490555
4.58329542775152 -0.443897933686326
4.58329542775152 -0.442470326874949
4.58329542775152 -0.442470326874949
4.58329542775152 -0.442470326874949
4.58329542775152 -0.411180902218108
4.61047629553537 -0.40004721475134
4.58445085220812 -0.436025596519908
4.56928914982846 -0.431886317547871
4.56928914982846 -0.406391740291496
4.56928914982846 -0.422120472783739
4.56928914982846 -0.422120472783739
4.5593233805623 -0.419749502704994
4.5593233805623 -0.419749502704994
4.5593233805623 -0.419749502704994
4.51541156823154 -0.419749502704994
4.51541156823154 -0.422913932263542
4.51541156823154 -0.410783816987035
4.51541156823154 -0.422568802282912
4.51541156823154 -0.422568802282912
4.50884778231139 -0.422568802282912
4.50884778231139 -0.412638005725632
4.5408265720144 -0.412638005725632
4.5408265720144 -0.424180929325254
4.51083343388594 -0.425426357598887
4.50817764313787 -0.425426357598887
4.50939405850646 -0.425426357598887
4.50939405850646 -0.425426357598887
4.50939405850646 -0.406084478567537
4.50939405850646 -0.420595652447447
4.52531765949144 -0.420595652447447
4.57346511429316 -0.417105996265876
4.57346511429316 -0.427240743010137
4.57346511429316 -0.427240743010137
4.57346511429316 -0.427240743010137
4.57346511429316 -0.431236137670906
4.57346511429316 -0.431236137670906
4.56315350839584 -0.424584762980612
4.56315350839584 -0.424584762980612
4.56315350839584 -0.430013100102479
4.56315350839584 -0.430101833761629
4.55905896506852 -0.430101833761629
4.55905896506852 -0.430101833761629
4.55905896506852 -0.430101833761629
4.56463677594226 -0.422726385470663
4.5385853385772 -0.422726385470663
4.60025895264313 -0.422726385470663
4.60025895264313 -0.416902318317535
4.60435404868816 -0.396349352515611
4.60434561502569 -0.396349352515611
4.61225523772278 -0.378668939696016
4.64066823897428 -0.378668939696016
4.64066823897428 -0.378668939696016
4.60594323118361 -0.3736287260971
4.66854733694955 -0.3736287260971
4.66854733694955 -0.3736287260971
4.64055960078122 -0.3736287260971
4.64055960078122 -0.3736287260971
4.64055960078122 -0.3736287260971
4.64055960078122 -0.3736287260971
4.63004207993944 -0.3736287260971
4.63004207993944 -0.348156450673568
4.62789216885494 -0.363813576893093
4.62789216885494 -0.358634938979297
4.62789216885494 -0.358634938979297
4.66227518651415 -0.358634938979297
4.66227518651415 -0.35943821232749
4.66227518651415 -0.35943821232749
4.65583569270709 -0.35943821232749
4.65844254643478 -0.373941944061189
4.68951787449936 -0.368935036330055
4.68951787449936 -0.368935036330055
4.68951787449936 -0.37736739163715
4.65902088448921 -0.384665664276217
4.67083958302161 -0.384665664276217
4.67083958302161 -0.384665664276217
4.63271245026208 -0.36949197251943
4.63271245026208 -0.36949197251943
4.63486158419874 -0.380328541789908
4.62467449695496 -0.380328541789908
4.60291371876832 -0.396337039125927
4.60291371876832 -0.396337039125927
4.60947231296429 -0.396337039125927
4.60947231296429 -0.406018900723988
4.61161658646855 -0.406018900723988
4.58564516170167 -0.406018900723988
4.58564516170167 -0.411305327175136
4.58564516170167 -0.391947095965846
4.58564516170167 -0.390183994156459
4.58564516170167 -0.390183994156459
4.58564516170167 -0.390183994156459
4.59437703294687 -0.375670303945189
4.59592104550492 -0.375670303945189
4.59592104550492 -0.380542150436741
4.59592104550492 -0.380542150436741
4.58938853524115 -0.373161306043232
4.60891312883196 -0.373161306043232
4.60891312883196 -0.373161306043232
4.60891312883196 -0.373161306043232
4.60891312883196 -0.373161306043232
4.60891312883196 -0.373161306043232
4.59114426068623 -0.359406079793602
4.59626506525001 -0.359406079793602
4.59990086870761 -0.360815209685655
4.59990086870761 -0.322606475629592
4.59990086870761 -0.331597324396919
4.59990086870761 -0.331597324396919
4.59876469990768 -0.331597324396919
4.57472864123095 -0.331597324396919
4.62784944187472 -0.339246204163661
4.62784944187472 -0.339246204163661
4.62155019587627 -0.339246204163661
4.62155019587627 -0.339246204163661
4.62155019587627 -0.351637778700059
4.62155019587627 -0.36096840292024
4.61809082322105 -0.36096840292024
4.61809082322105 -0.35594155155236
4.61809082322105 -0.350456444571193
4.61809082322105 -0.350456444571193
4.61809082322105 -0.350456444571193
4.62713679269971 -0.350456444571193
4.62713679269971 -0.350456444571193
4.62713679269971 -0.350456444571193
4.61578207226154 -0.34110235625526
4.61578207226154 -0.34110235625526
4.6133774123104 -0.34110235625526
4.6133774123104 -0.34110235625526
4.6133774123104 -0.34110235625526
4.59536291259668 -0.34110235625526
4.59536291259668 -0.34110235625526
4.59536291259668 -0.316656402199103
4.59536291259668 -0.312621165030767
4.59640845448839 -0.34233821376281
4.59640845448839 -0.34233821376281
4.59640845448839 -0.34233821376281
4.59640845448839 -0.342006665101258
4.59640845448839 -0.342006665101258
4.59640845448839 -0.342006665101258
4.56661386697092 -0.342006665101258
4.56661386697092 -0.333146056329299
4.56661386697092 -0.337145994332387
4.56661386697092 -0.318179183201009
4.56661386697092 -0.319849459500447
4.56661386697092 -0.319849459500447
4.56661386697092 -0.331509072223015
4.56661386697092 -0.331509072223015
4.56388556803583 -0.34248832714093
4.59310983661929 -0.341007174850267
4.59310983661929 -0.316496743433803
4.59310983661929 -0.316496743433803
4.59310983661929 -0.316496743433803
4.59310983661929 -0.332697753412776
4.59410898811533 -0.323191501068651
4.59410898811533 -0.323191501068651
4.59092903987064 -0.323191501068651
4.59092903987064 -0.323191501068651
4.62038459561324 -0.324025703431176
4.62038459561324 -0.333108880829218
4.63912848436662 -0.333108880829218
4.6152222333309 -0.333108880829218
4.58966920716136 -0.333108880829218
4.57127002060355 -0.333108880829218
4.59451667313892 -0.333108880829218
4.6091496045544 -0.333108880829218
4.5951252003802 -0.333108880829218
4.60354528182909 -0.333108880829218
4.60511965842438 -0.333108880829218
4.58937418260611 -0.333108880829218
4.58937418260611 -0.333108880829218
4.58937418260611 -0.333108880829218
4.56769955156361 -0.333108880829218
4.56769955156361 -0.333108880829218
4.55892608190773 -0.333108880829218
4.59765200583431 -0.333108880829218
4.59765200583431 -0.339404688345996
4.59765200583431 -0.339404688345996
4.59765200583431 -0.33610419088928
4.61551566285217 -0.32744805263248
4.6154426911293 -0.32744805263248
4.6508891061478 -0.32744805263248
4.65291965342045 -0.32744805263248
4.65291965342045 -0.32744805263248
4.65291965342045 -0.341676370171148
4.65291965342045 -0.362378072718122
4.65291965342045 -0.362378072718122
4.63097605213776 -0.351403564771962
4.64812709945887 -0.362895661633654
4.62951464400905 -0.361516683064077
4.62951464400905 -0.361516683064077
4.62951464400905 -0.359010628537755
4.62951464400905 -0.359010628537755
4.59989309955206 -0.353973515288477
4.60951926820172 -0.353973515288477
4.60951926820172 -0.373745177656694
4.61041218969137 -0.373745177656694
4.61041218969137 -0.373745177656694
4.62102876661796 -0.39186562782888
4.62102876661796 -0.392093820513196
4.64810781490116 -0.389527967729249
4.64810781490116 -0.405750805932302
4.64810781490116 -0.405750805932302
4.64553392081678 -0.41068038329637
4.64553392081678 -0.41068038329637
4.64553392081678 -0.401255320531149
4.62698542770672 -0.392900847787244
4.60991598360874 -0.393862465845656
4.60991598360874 -0.393862465845656
4.60661897805612 -0.405187996456071
4.59987426333416 -0.412653748501148
4.59987426333416 -0.412653748501148
4.59987426333416 -0.412653748501148
4.59987426333416 -0.412653748501148
4.62402890286303 -0.412653748501148
4.62402890286303 -0.40832845911832
4.59622858984725 -0.40832845911832
4.59332173331368 -0.40832845911832
4.59332173331368 -0.40361415533974
4.59332173331368 -0.40361415533974
4.60944514859721 -0.4039347278157
4.62243061866719 -0.4039347278157
4.62243061866719 -0.4039347278157
4.62243061866719 -0.4039347278157
4.62243061866719 -0.4039347278157
4.621306335004 -0.363886911363436
4.6160805866318 -0.380233221054376
4.6160805866318 -0.403870476501399
4.6160805866318 -0.392292382121973
4.62435008328928 -0.392292382121973
4.65263998017053 -0.392292382121973
4.66088699060431 -0.370903009163089
4.65825161880465 -0.370903009163089
4.65825161880465 -0.370903009163089
4.65825161880465 -0.370903009163089
4.65825161880465 -0.370903009163089
4.65825161880465 -0.35899081083971
4.68862978467773 -0.3698313935207
4.68862978467773 -0.360613757590589
4.68862978467773 -0.360613757590589
4.68862978467773 -0.360613757590589
4.68862978467773 -0.360613757590589
4.68862978467773 -0.360613757590589
4.68862978467773 -0.350489561714783
4.71218602188229 -0.341285881312295
4.71218602188229 -0.357581525910578
4.73065198087125 -0.361739944041171
4.73065198087125 -0.361739944041171
4.71422275244974 -0.361739944041171
4.71422275244974 -0.361739944041171
4.72039596638033 -0.361739944041171
4.72039596638033 -0.361739944041171
4.72039596638033 -0.38295850977054
4.72039596638033 -0.404046901292558
4.69614072066237 -0.415251800875799
4.69614072066237 -0.40377812179024
4.73670173834706 -0.40377812179024
4.73670173834706 -0.366446974282624
4.73670173834706 -0.3978683594956
4.73670173834706 -0.383527651413477
4.73670173834706 -0.383527651413477
4.72146240335808 -0.383527651413477
4.72146240335808 -0.384201185211942
4.7523988949652 -0.36907077451641
4.7523988949652 -0.383638789201335
4.7523988949652 -0.383638789201335
4.7523988949652 -0.39191336638927
4.7523988949652 -0.39191336638927
4.7523988949652 -0.39191336638927
4.7523988949652 -0.39191336638927
4.69373374407833 -0.39191336638927
4.72375942126292 -0.39191336638927
4.72375942126292 -0.39191336638927
4.70544650263701 -0.39191336638927
4.69355159101058 -0.387520394386893
4.69355159101058 -0.387520394386893
4.70601079150501 -0.383801107060607
4.70601079150501 -0.383801107060607
4.70601079150501 -0.383801107060607
4.70601079150501 -0.358740708882201
4.70601079150501 -0.357208083730099
4.70601079150501 -0.360865839248402
4.70601079150501 -0.360865839248402
4.70601079150501 -0.375831045361647
4.70660377440503 -0.387964317430118
4.69554335050303 -0.377132598605368
4.69554335050303 -0.377132598605368
4.69554335050303 -0.37707116243823
4.68788506103065 -0.384153690681231
4.68788506103065 -0.384153690681231
4.68788506103065 -0.385464936999879
4.67879344603378 -0.385464936999879
4.68607472274893 -0.392462280046419
4.68607472274893 -0.392462280046419
4.68693799208316 -0.388053091149695
4.68693799208316 -0.388053091149695
4.68693799208316 -0.388053091149695
4.6837635757213 -0.388053091149695
4.68619560546753 -0.390839002479001
4.67644034370704 -0.399755250066211
4.67644034370704 -0.400952961034778
4.6689913269083 -0.391715881251526
4.67459903057117 -0.380386694143241
4.66853831047554 -0.380386694143241
4.66050443535887 -0.380386694143241
4.66050443535887 -0.380386694143241
4.66050443535887 -0.372259775616738
4.6437741539701 -0.372259775616738
4.6437741539701 -0.374921900812024
4.64628950613722 -0.374921900812024
4.64628950613722 -0.3725556035939
4.64628950613722 -0.374807305652863
4.64628950613722 -0.374807305652863
4.65918659389281 -0.385946524497636
4.65918659389281 -0.385946524497636
4.65918659389281 -0.385946524497636
4.65918659389281 -0.385946524497636
4.65918659389281 -0.385946524497636
4.64794922571719 -0.408016194709256
4.62378027730276 -0.408016194709256
4.62378027730276 -0.408016194709256
4.62378027730276 -0.408016194709256
4.62378027730276 -0.408016194709256
4.62378027730276 -0.408016194709256
4.65545484201594 -0.422943174140538
4.65545484201594 -0.422943174140538
4.64826061679681 -0.422943174140538
4.61905635172573 -0.4353401282572
4.61905635172573 -0.416695327892195
4.58641856044261 -0.440870567308162
4.58641856044261 -0.440870567308162
4.56927405468038 -0.47275879674449
4.56927405468038 -0.447044253609066
4.58078981686517 -0.447044253609066
4.58078981686517 -0.436163584823055
4.58078981686517 -0.439831358806837
4.58078981686517 -0.437674708302754
4.59608907431452 -0.437674708302754
4.59375916746451 -0.437674708302754
4.57021903510833 -0.437674708302754
4.63466281246034 -0.437674708302754
4.63466281246034 -0.437674708302754
4.63466281246034 -0.437674708302754
4.60818034132849 -0.437674708302754
4.60818034132849 -0.441684312588692
4.60818034132849 -0.441684312588692
4.60818034132849 -0.441684312588692
4.60273660479032 -0.441684312588692
4.60273660479032 -0.441684312588692
4.60273660479032 -0.441684312588692
4.60273660479032 -0.45901759268402
4.60273660479032 -0.470677857316469
4.60273660479032 -0.423514906711294
4.60273660479032 -0.423514906711294
4.60544678958081 -0.431114495445471
4.60544678958081 -0.434861191400762
4.57864531795126 -0.434861191400762
4.5708735140977 -0.438259425332894
4.5708735140977 -0.438259425332894
4.5708735140977 -0.426219283430851
4.60836294465558 -0.426219283430851
4.60836294465558 -0.426219283430851
4.61725780457034 -0.426219283430851
4.61725780457034 -0.426219283430851
4.66172576438312 -0.426219283430851
4.66172576438312 -0.426219283430851
4.66172576438312 -0.426219283430851
4.66172576438312 -0.4085938983536
4.6609498681586 -0.4085938983536
4.62403750444913 -0.408934953947477
4.62403750444913 -0.408934953947477
4.62403750444913 -0.408934953947477
4.62403750444913 -0.423995500978378
4.63289812466659 -0.423995500978378
4.6169359744003 -0.414153737116825
4.6169359744003 -0.429524098449668
4.6169359744003 -0.429524098449668
4.5827090399706 -0.447775144825971
4.59860451425909 -0.447775144825971
4.59860451425909 -0.447775144825971
4.59860451425909 -0.447775144825971
4.59530350049576 -0.447775144825971
4.60695887975175 -0.466533204180764
4.60695887975175 -0.464799306681327
4.60695887975175 -0.468144910235545
4.60695887975175 -0.468144910235545
4.60695887975175 -0.477668970796819
4.60695887975175 -0.477668970796819
4.59680544236799 -0.496971608305694
4.59680544236799 -0.496971608305694
4.59680544236799 -0.496971608305694
4.59472072399878 -0.503945720810065
4.54905414696547 -0.503945720810065
4.54905414696547 -0.503945720810065
4.54528972371505 -0.515216037483358
4.55674487449521 -0.5190599017542
4.55674487449521 -0.5190599017542
4.53494627107339 -0.528126614831137
4.53494627107339 -0.528126614831137
4.52066632701627 -0.528126614831137
4.52066632701627 -0.528126614831137
4.52066632701627 -0.528126614831137
4.52066632701627 -0.528126614831137
4.50636071471369 -0.533440136007499
4.50636071471369 -0.533440136007499
4.50636071471369 -0.533440136007499
4.49267315771933 -0.533440136007499
4.49267315771933 -0.517647511893016
4.4847845159079 -0.517647511893016
4.47640776153161 -0.534758517748185
4.47640776153161 -0.519959821558956
4.47640776153161 -0.519959821558956
4.47640776153161 -0.519959821558956
4.51105709200047 -0.503086670471256
4.50500073144959 -0.500913821530584
4.50500073144959 -0.500913821530584
4.5084203461689 -0.51826795366571
4.5084203461689 -0.528784713470104
4.5084203461689 -0.528784713470104
4.54719209804832 -0.534200581721799
4.54719209804832 -0.541250708087881
4.54719209804832 -0.541250708087881
4.54719209804832 -0.541250708087881
4.54719209804832 -0.54303326981056
4.54719209804832 -0.526086555596702
4.57025064500573 -0.555602719164619
4.57025064500573 -0.555602719164619
4.57025064500573 -0.555602719164619
4.55206018953747 -0.543769304049596
4.55091528235592 -0.543769304049596
4.55091528235592 -0.570476340427993
4.51343182179622 -0.570476340427993
4.51343182179622 -0.573951859441994
4.51343182179622 -0.573951859441994
4.51343182179622 -0.573951859441994
4.51343182179622 -0.573951859441994
4.52883325585906 -0.586213214431296
4.5029432828411 -0.564984660059719
4.53045553972913 -0.564984660059719
4.53045553972913 -0.543858740583968
4.49806135423688 -0.543858740583968
4.50577603884978 -0.543858740583968
4.48032781279128 -0.545858628584672
4.49996452477198 -0.545819426808054
4.48871407601489 -0.545819426808054
4.48871407601489 -0.530333475824445
4.48871407601489 -0.530333475824445
4.48871407601489 -0.553475778107845
4.48871407601489 -0.549842774964593
4.49845895178788 -0.548103453967039
4.49845895178788 -0.55154796272647
4.49845895178788 -0.52740332833957
4.48789194677992 -0.517367361858373
4.52988738574518 -0.50747961012489
4.48752376576177 -0.51586978490616
4.48752376576177 -0.51586978490616
4.48752376576177 -0.515648911924316
4.48752376576177 -0.522309294327155
4.48752376576177 -0.522309294327155
4.48171309615059 -0.514984336545051
4.4815818082535 -0.514984336545051
4.4815818082535 -0.514984336545051
4.44063237399263 -0.514984336545051
4.44063237399263 -0.514984336545051
4.44063237399263 -0.514984336545051
4.44063237399263 -0.487959503910765
4.44063237399263 -0.487959503910765
4.43572631013947 -0.507776717461629
4.43572631013947 -0.507025190550805
4.43572631013947 -0.507025190550805
4.43572631013947 -0.507025190550805
4.43572631013947 -0.483317122078338
4.43051972338214 -0.483317122078338
4.43051972338214 -0.483317122078338
4.43051972338214 -0.483317122078338
4.43159391253472 -0.483317122078338
4.4769387133352 -0.483317122078338
4.44867280097382 -0.483317122078338
4.44867280097382 -0.483317122078338
4.44867280097382 -0.504027388434422
4.44741683659092 -0.504027388434422
4.44741683659092 -0.504027388434422
4.40875285527201 -0.504027388434422
4.40875285527201 -0.504027388434422
4.40875285527201 -0.512033823773159
4.39700658566967 -0.502454264097971
4.39575246434308 -0.509036239831049
4.36559086370562 -0.509036239831049
4.36559086370562 -0.509036239831049
4.36559086370562 -0.509036239831049
4.36559086370562 -0.535747483156681
4.36559086370562 -0.535747483156681
4.36559086370562 -0.535747483156681
4.36559086370562 -0.554991462625884
4.37952664653256 -0.52355121504315
4.37135361084438 -0.52355121504315
4.36248303699665 -0.52355121504315
4.36248303699665 -0.533637003550465
4.36248303699665 -0.533637003550465
4.34161353345783 -0.528356930280335
4.33282372180159 -0.553660706425191
4.33282372180159 -0.539771064182998
4.30101181830158 -0.548726160642338
4.30101181830158 -0.544368351181719
4.30101181830158 -0.549030043214274
4.30744248528291 -0.549030043214274
4.29970537170771 -0.550962129418947
4.28465501792967 -0.550962129418947
4.26941327069878 -0.566576022900547
4.26941327069878 -0.550582196015019
4.26941327069878 -0.550582196015019
4.27877171362145 -0.543093058597986
4.27877171362145 -0.532169946023253
4.27877171362145 -0.531769397628204
4.2513299592269 -0.531769397628204
4.23404640594416 -0.552266346413486
4.23404640594416 -0.552266346413486
4.26055190074146 -0.552266346413486
4.26055190074146 -0.552266346413486
4.30329347113622 -0.537154291969175
4.30329347113622 -0.537154291969175
4.30329347113622 -0.537154291969175
4.2982541120154 -0.527677006805154
4.2982541120154 -0.527677006805154
4.2982541120154 -0.527677006805154
4.2982541120154 -0.527677006805154
4.2897708466812 -0.54270963085586
4.2897708466812 -0.54270963085586
4.30950118953177 -0.54270963085586
4.30950118953177 -0.559939259949524
4.28992373288281 -0.559939259949524
4.28992373288281 -0.562641045368529
4.3128926382221 -0.573737550988701
4.3128926382221 -0.580391445656176
4.3128926382221 -0.585416890763081
4.3128926382221 -0.58396400317761
4.3128926382221 -0.58396400317761
4.3128926382221 -0.58396400317761
4.33739266700533 -0.599710902033764
4.34329203482919 -0.615996002299117
4.34329203482919 -0.584382452826695
4.34329203482919 -0.568637278284677
4.32870694330323 -0.568999079626729
4.32870694330323 -0.568999079626729
4.32870694330323 -0.568999079626729
4.33987901519948 -0.568999079626729
4.33987901519948 -0.568999079626729
4.33987901519948 -0.568999079626729
4.32619194955403 -0.568999079626729
4.31371611708819 -0.581888225298677
4.34400434834896 -0.581888225298677
4.34400434834896 -0.581888225298677
4.36649076903011 -0.581888225298677
4.36649076903011 -0.581888225298677
4.36523270125538 -0.581888225298677
4.36523270125538 -0.581888225298677
4.36523270125538 -0.581888225298677
4.36523270125538 -0.581888225298677
4.36523270125538 -0.586494171060997
4.38107381894176 -0.586494171060997
4.38107381894176 -0.586494171060997
4.38107381894176 -0.586494171060997
4.38107381894176 -0.563680025254747
4.38107381894176 -0.563680025254747
4.38107381894176 -0.551958693722125
4.38107381894176 -0.574265491607996
4.40588029306649 -0.574265491607996
4.40588029306649 -0.574265491607996
4.38609995340858 -0.574265491607996
4.37381591263278 -0.583979426382441
4.36630117642175 -0.583979426382441
4.38445163495744 -0.580449712780954
4.38445163495744 -0.580449712780954
4.38841709060443 -0.580449712780954
4.38841709060443 -0.55961519945763
4.34873467058872 -0.544606099679795
4.38282205432555 -0.564015572173287
4.36307917579768 -0.567098021002822
4.35769615771926 -0.557179786506609
4.35769615771926 -0.570197754756548
4.35769615771926 -0.570197754756548
4.34038977874599 -0.5433902135977
4.34038977874599 -0.5433902135977
4.34038977874599 -0.5433902135977
4.34038977874599 -0.547845113735076
4.34256702483052 -0.522813661611984
4.33665820803155 -0.522813661611984
4.33665820803155 -0.522813661611984
4.33665820803155 -0.523104773991007
4.33665820803155 -0.523104773991007
4.33665820803155 -0.502121089849111
4.33665820803155 -0.500562742939834
4.33665820803155 -0.491497511421876
4.37843999939818 -0.491497511421876
4.37843999939818 -0.478286270787719
4.37843999939818 -0.478286270787719
4.37843999939818 -0.483133896771256
4.37843999939818 -0.492257710297633
4.37911307039315 -0.492257710297633
4.37911307039315 -0.463701881401993
4.37911307039315 -0.463701881401993
4.37911307039315 -0.463701881401993
4.37911307039315 -0.440487344142805
4.37911307039315 -0.432393546373578
4.35660242484967 -0.432393546373578
4.33474302002879 -0.432393546373578
4.33395494180799 -0.433684680108712
4.33395494180799 -0.433684680108712
4.33395494180799 -0.433684680108712
4.33395494180799 -0.433684680108712
4.33395494180799 -0.433684680108712
4.33395494180799 -0.433684680108712
4.33395494180799 -0.433684680108712
4.33443671880921 -0.432233095829738
4.33443671880921 -0.432233095829738
4.33443671880921 -0.430925293578225
4.33443671880921 -0.42554865159672
4.33443671880921 -0.422554663348943
4.33443671880921 -0.42923523365539
4.30286089778681 -0.456214830042503
4.30286089778681 -0.465015808737849
4.31186750231454 -0.476167852075289
4.300960115581 -0.441100803943912
4.300960115581 -0.464990349041209
4.31798195986634 -0.477931428924348
4.31798195986634 -0.477931428924348
4.33707196015467 -0.477931428924348
4.33707196015467 -0.477931428924348
4.33707196015467 -0.481682830724694
4.35135159790355 -0.481682830724694
4.37307128314661 -0.481682830724694
4.36741586011218 -0.481682830724694
4.32435858514813 -0.481682830724694
4.32435858514813 -0.481682830724694
4.33022111394667 -0.454407256280422
4.34483314151773 -0.454407256280422
4.34483314151773 -0.454407256280422
4.34483314151773 -0.429023144681671
4.34483314151773 -0.462385050119266
4.34483314151773 -0.427116831573261
4.34483314151773 -0.427116831573261
4.34483314151773 -0.427116831573261
4.33985145940241 -0.427116831573261
4.32860200418995 -0.427116831573261
4.32860200418995 -0.427116831573261
4.3715246060879 -0.427116831573261
4.37580249020432 -0.427116831573261
4.37580249020432 -0.427116831573261
4.35165845742491 -0.417650200178875
4.35165845742491 -0.41135969038021
4.37087590671134 -0.42063719365533
4.38870369375488 -0.42063719365533
4.36026763517833 -0.42063719365533
4.36026763517833 -0.42063719365533
4.35803090315247 -0.42063719365533
4.33161793172288 -0.456694584019245
4.33161793172288 -0.44024428771648
4.33049613657019 -0.44024428771648
4.33049613657019 -0.440231228835041
4.33049613657019 -0.42000736930857
4.33049613657019 -0.446873549024056
4.32047185859093 -0.446873549024056
4.32047185859093 -0.446873549024056
4.33457353482542 -0.446873549024056
4.33457353482542 -0.446873549024056
4.29964070550006 -0.446873549024056
4.29964070550006 -0.448036418406133
4.29572731372721 -0.448036418406133
4.29572731372721 -0.442939256274436
4.29256877867696 -0.446802868340045
4.30356628658487 -0.446802868340045
4.31322320665393 -0.446802868340045
4.31099255407786 -0.446802868340045
4.31099255407786 -0.444386029714888
4.31099255407786 -0.444386029714888
4.30744951966784 -0.440453463464538
4.30744951966784 -0.440453463464538
4.30744951966784 -0.440453463464538
4.30744951966784 -0.440453463464538
4.33670450198787 -0.440453463464538
4.33670450198787 -0.439446458520208
4.34569641181976 -0.439446458520208
4.34569641181976 -0.439446458520208
4.34569641181976 -0.439446458520208
4.34569641181976 -0.439969754630323
4.36441065973604 -0.439969754630323
4.36077413729184 -0.448494530756561
4.37409439210376 -0.448757569131514
4.36617578401731 -0.448757569131514
4.36617578401731 -0.444528968969308
4.39788689653182 -0.444528968969308
4.39788689653182 -0.408829009852059
4.40836123111889 -0.408829009852059
4.40836123111889 -0.408829009852059
4.40836123111889 -0.425333333055533
4.41141445926007 -0.389703353780845
4.41141445926007 -0.389703353780845
4.4250203113197 -0.389703353780845
4.4250203113197 -0.389703353780845
4.4250203113197 -0.389703353780845
4.38132062505868 -0.372088521173229
4.38132062505868 -0.401618861443398
4.38132062505868 -0.401618861443398
4.38132062505868 -0.401618861443398
4.38132062505868 -0.401618861443398
4.35917523997155 -0.399504915606258
4.35777322953204 -0.352892818925575
4.39124162012045 -0.352892818925575
4.39124162012045 -0.358114844157873
4.39916697900855 -0.358114844157873
4.39916697900855 -0.358114844157873
4.39916697900855 -0.358114844157873
4.39916697900855 -0.358114844157873
4.39916697900855 -0.377601772100431
4.39916697900855 -0.377601772100431
4.39995374004174 -0.377601772100431
4.38419439732034 -0.391580000164202
4.38419439732034 -0.391580000164202
4.38419439732034 -0.376390954735378
4.36135540670998 -0.376390954735378
4.36135540670998 -0.376390954735378
4.36135540670998 -0.376390954735378
4.36135540670998 -0.376390954735378
4.36135540670998 -0.357278478038188
4.36135540670998 -0.367334103448181
4.36135540670998 -0.367334103448181
4.36135540670998 -0.382779406951541
4.36135540670998 -0.376451001474608
4.37482838633695 -0.357187333912301
4.37482838633695 -0.357187333912301
4.36320435896745 -0.357187333912301
4.36320435896745 -0.357187333912301
4.36320435896745 -0.359158936475777
4.36959323333214 -0.38461365105133
4.35739282925935 -0.38461365105133
4.35810135278619 -0.38461365105133
4.3907631578379 -0.38461365105133
4.3907631578379 -0.38461365105133
4.3907631578379 -0.38461365105133
4.3907631578379 -0.38461365105133
4.3907631578379 -0.38461365105133
4.38920676380272 -0.378880021980537
4.41083695636298 -0.378880021980537
4.41083695636298 -0.375005001750328
4.41083695636298 -0.375005001750328
4.41083695636298 -0.375005001750328
4.41083695636298 -0.375005001750328
4.41083695636298 -0.375005001750328
4.4073566909482 -0.357280291566362
4.39739206791481 -0.357280291566362
4.40561862110783 -0.357280291566362
4.40561862110783 -0.357280291566362
4.40412590012637 -0.357280291566362
4.40412590012637 -0.357280291566362
4.43097102875893 -0.357280291566362
4.44665394041044 -0.363712127688306
4.44768812337599 -0.363712127688306
4.44768812337599 -0.363712127688306
4.4353790639265 -0.390526522816953
4.4353790639265 -0.390526522816953
4.42902518772786 -0.397376159470004
4.42902518772786 -0.397376159470004
4.42902518772786 -0.400127695381548
4.45878674222527 -0.400127695381548
4.45878674222527 -0.401662983452037
4.45878674222527 -0.401662983452037
4.51441253034246 -0.401662983452037
4.51441253034246 -0.401662983452037
4.51441253034246 -0.3963844731368
4.51441253034246 -0.386785605188999
4.48397592639501 -0.386785605188999
4.48397592639501 -0.386785605188999
4.48397592639501 -0.380793073806736
4.50702047708037 -0.386778262003786
4.50702047708037 -0.386778262003786
4.51376082709829 -0.386778262003786
4.51376082709829 -0.386778262003786
4.52539509296238 -0.370350456582534
4.52539509296238 -0.370350456582534
4.52539509296238 -0.410063365344831
4.52539509296238 -0.410063365344831
4.51480312855894 -0.402098958218745
4.51480312855894 -0.402098958218745
4.57934226017887 -0.402098958218745
4.59287371202311 -0.402098958218745
4.57332601054653 -0.413748006242097
4.57332601054653 -0.413748006242097
4.57332601054653 -0.420752713702595
4.57826666540875 -0.420752713702595
4.542279282796 -0.420752713702595
4.542279282796 -0.413103220416402
4.542279282796 -0.434243110378743
4.542279282796 -0.434243110378743
4.542279282796 -0.434243110378743
4.5641938023977 -0.438766810238536
4.5783768501303 -0.436657250002042
4.5783768501303 -0.415043670003138
4.52757794728194 -0.443974356132788
4.52757794728194 -0.443974356132788
4.5086415001097 -0.443974356132788
4.5086415001097 -0.443974356132788
4.54737613847821 -0.429337006212177
4.51425970931119 -0.429337006212177
4.5327342231231 -0.429337006212177
4.50878791122636 -0.416172299076972
4.50878791122636 -0.427196813786732
4.50878791122636 -0.427196813786732
4.49418158682569 -0.427196813786732
4.49418158682569 -0.427196813786732
4.47763263306804 -0.436038333137079
4.47030093266464 -0.436038333137079
4.50426230251752 -0.436038333137079
4.50426230251752 -0.436038333137079
4.48529118738414 -0.436038333137079
4.48529118738414 -0.425058317695904
4.48529118738414 -0.425058317695904
4.48529118738414 -0.425058317695904
4.47637570592144 -0.424609491974467
4.46161573346752 -0.415751193353537
4.48178203339676 -0.402434289643624
4.47957820911045 -0.399427039158207
4.46082841566457 -0.399427039158207
4.46082841566457 -0.399427039158207
4.46368462432672 -0.399427039158207
4.47560512631096 -0.399427039158207
4.47560512631096 -0.399427039158207
4.47560512631096 -0.399427039158207
4.47560512631096 -0.42651071690054
4.47560512631096 -0.401362998340045
4.47560512631096 -0.401362998340045
4.47560512631096 -0.403239084782378
4.44890014758484 -0.403239084782378
4.4552874215394 -0.424128251318572
4.4552874215394 -0.424128251318572
4.44238950641373 -0.424128251318572
4.44238950641373 -0.424128251318572
4.44238950641373 -0.424128251318572
4.44238950641373 -0.433354677103782
4.44819470947549 -0.433354677103782
4.44819470947549 -0.433354677103782
4.44819470947549 -0.433354677103782
4.44819470947549 -0.433354677103782
4.4461289545635 -0.423565309966004
4.47046840474832 -0.431810894984133
4.47046840474832 -0.431810894984133
4.47556048653451 -0.411774079819176
4.47556048653451 -0.411774079819176
4.49352473201354 -0.411774079819176
4.51190642630771 -0.411774079819176
4.51210223084381 -0.413026740639501
4.51210223084381 -0.421320455923565
4.51210223084381 -0.421320455923565
4.51489181134814 -0.421320455923565
4.51489181134814 -0.421320455923565
4.52048417737022 -0.433697159527888
4.52329711105964 -0.433697159527888
4.52329711105964 -0.433697159527888
4.49175595633716 -0.433697159527888
4.49175595633716 -0.433697159527888
4.53532600790566 -0.418050049223547
4.49160171725858 -0.418050049223547
4.49160171725858 -0.420341294753878
4.49014483587175 -0.406788006331523
4.49014483587175 -0.403357017251857
4.4846473264924 -0.403357017251857
4.4846473264924 -0.403357017251857
4.4846473264924 -0.403357017251857
4.4846473264924 -0.403357017251857
4.48661367066791 -0.403357017251857
4.47948943469539 -0.403357017251857
4.47948943469539 -0.403357017251857
4.4219133451194 -0.403357017251857
4.44289882245903 -0.403357017251857
4.44289882245903 -0.403357017251857
4.44289882245903 -0.398693467795128
4.44289882245903 -0.425878443764231
4.43291668436563 -0.425878443764231
4.43205724352139 -0.425878443764231
4.40829756521302 -0.425878443764231
4.41825731611994 -0.425878443764231
4.420155303847 -0.425878443764231
4.390968707642 -0.425878443764231
4.41358084101347 -0.425878443764231
4.42718702661464 -0.425878443764231
4.42718702661464 -0.425878443764231
4.40825729453905 -0.411242726535185
4.40825729453905 -0.416680088250727
4.40864373970035 -0.416680088250727
4.37772064477371 -0.416680088250727
4.37772064477371 -0.416680088250727
4.34842632540454 -0.416680088250727
4.37519336916619 -0.416680088250727
4.37519336916619 -0.416680088250727
4.37519336916619 -0.416680088250727
4.38961215347581 -0.4186294345477
4.38961215347581 -0.4186294345477
4.3765563355044 -0.4186294345477
4.35584640014476 -0.444050627176177
4.35219632472965 -0.444050627176177
4.35219632472965 -0.432088920371516
4.34587188411791 -0.454852718081349
4.34587188411791 -0.454852718081349
4.32955994001356 -0.422682509857539
4.32955994001356 -0.432849787821207
4.32955994001356 -0.42756722526242
4.35069138675756 -0.42756722526242
4.35069138675756 -0.409789590731196
4.30674859297568 -0.409789590731196
4.29982835869854 -0.410138737707568
4.27383414153181 -0.412323300659307
4.27383414153181 -0.406479332080848
4.27383414153181 -0.4060907636116
4.27383414153181 -0.4060907636116
4.27383414153181 -0.417376365384856
4.27383414153181 -0.414503623900735
4.27383414153181 -0.41507406765535
4.27383414153181 -0.434950527525732
4.27383414153181 -0.453589666983548
4.27300007824019 -0.453589666983548
4.25345073331737 -0.453589666983548
4.25345073331737 -0.453589666983548
4.22041069112387 -0.453589666983548
4.22041069112387 -0.457369241999215
4.22041069112387 -0.457369241999215
4.22041069112387 -0.457369241999215
4.24412931662002 -0.457369241999215
4.22702003473804 -0.452051621635689
4.22702003473804 -0.421745070496114
4.22702003473804 -0.431804610101277
4.22702003473804 -0.40997771919195
4.22702003473804 -0.40997771919195
4.19994578617925 -0.402736859449192
4.19994578617925 -0.402736859449192
4.19994578617925 -0.402736859449192
4.19994578617925 -0.413527405600896
4.17973840426436 -0.396954758307855
4.17973840426436 -0.395761768278796
4.17973840426436 -0.386436760562127
4.17973840426436 -0.388366962255875
4.17973840426436 -0.388366962255875
4.17973840426436 -0.38852755406251
4.21642748807621 -0.38852755406251
4.21642748807621 -0.38852755406251
4.21642748807621 -0.38852755406251
4.21642748807621 -0.379984005368855
4.21642748807621 -0.404578116746984
4.21017477090277 -0.379271002550008
4.21017477090277 -0.379271002550008
4.21017477090277 -0.379271002550008
4.21017477090277 -0.385415133074406
4.21017477090277 -0.385415133074406
4.21017477090277 -0.385415133074406
4.18341399848796 -0.385415133074406
4.18341399848796 -0.385415133074406
4.20933780010705 -0.385415133074406
4.20933780010705 -0.385415133074406
4.20933780010705 -0.385415133074406
4.20933780010705 -0.385415133074406
4.19153505307656 -0.385415133074406
4.14983683467267 -0.385415133074406
4.14983683467267 -0.385415133074406
4.14983683467267 -0.385415133074406
4.14983683467267 -0.385415133074406
4.16202537961717 -0.385415133074406
4.16202537961717 -0.385415133074406
4.16202537961717 -0.392122716737907
4.16202537961717 -0.405654972924095
4.17408745650817 -0.415796989123214
4.17408745650817 -0.395954936820781
4.18899609859388 -0.395954936820781
4.18899609859388 -0.396674948994825
4.20788821953638 -0.411924610770358
4.20788821953638 -0.429355937942384
4.20788821953638 -0.419410882886343
4.20788821953638 -0.419410882886343
4.20788821953638 -0.419410882886343
4.17925804497278 -0.427069968841147
4.17925804497278 -0.423804222437274
4.17925804497278 -0.423804222437274
4.14074026530762 -0.422090741742012
4.14074026530762 -0.422090741742012
4.14074026530762 -0.409798119283297
4.14074026530762 -0.424676857786332
4.14074026530762 -0.424676857786332
4.14074026530762 -0.424676857786332
4.15343363308818 -0.424676857786332
4.14639957406634 -0.427207997952719
4.14639957406634 -0.417339789707709
4.18056659618921 -0.417339789707709
4.18056659618921 -0.423634501917336
4.15186840220178 -0.423634501917336
4.15186840220178 -0.423469332546114
4.20085851513473 -0.391223643984075
4.20085851513473 -0.394012697066483
4.20085851513473 -0.394012697066483
4.20085851513473 -0.394012697066483
4.20085851513473 -0.374391581975728
4.20085851513473 -0.374391581975728
4.20085851513473 -0.347800186041264
4.21723162256529 -0.34494633438642
4.22486965246811 -0.34494633438642
4.22486965246811 -0.34494633438642
4.22255790923716 -0.34494633438642
4.22255790923716 -0.34494633438642
4.22255790923716 -0.34494633438642
4.22255790923716 -0.34494633438642
4.23884964945494 -0.34494633438642
4.23884964945494 -0.358897235409189
4.22125978185165 -0.347038609648924
4.19649279386883 -0.347038609648924
4.19649279386883 -0.347038609648924
4.19649279386883 -0.321861330326299
4.19627931027022 -0.32693353136887
4.18801338106318 -0.323797717803819
4.19019855836073 -0.337873492871579
4.19019855836073 -0.337873492871579
4.20360716896615 -0.337873492871579
4.18894986738506 -0.333106029083867
4.15549724328982 -0.333106029083867
4.14825437414999 -0.327470371250036
4.14825437414999 -0.327470371250036
4.14927498866378 -0.321432993844104
4.13265654828294 -0.321432993844104
4.15445158857581 -0.321432993844104
4.14945858812655 -0.321432993844104
4.14945858812655 -0.321432993844104
4.16797143971391 -0.321432993844104
4.16797143971391 -0.321432993844104
4.14001617524473 -0.321432993844104
4.13033101356418 -0.321432993844104
4.16749679334132 -0.321432993844104
4.16039525212274 -0.31191335004368
4.16039525212274 -0.31191335004368
4.16039525212274 -0.320190948969294
4.16039525212274 -0.320190948969294
4.17787941494953 -0.320190948969294
4.1861946485686 -0.305625724041746
4.1861946485686 -0.31381684761503
4.19660615892073 -0.357449342538787
4.16623373759206 -0.357449342538787
4.16623373759206 -0.328573530184752
4.22197763058165 -0.321798495359672
4.21566755523733 -0.322815553276259
4.21179105124261 -0.31254840012998
4.2128448386085 -0.312318593204148
4.2128448386085 -0.312318593204148
4.2128448386085 -0.30677324046828
4.27482752903576 -0.30677324046828
4.27482752903576 -0.294849287967865
4.29883797564807 -0.294849287967865
4.29883797564807 -0.28499792490451
4.31273285025056 -0.28499792490451
4.32481103374329 -0.28499792490451
4.32481103374329 -0.28499792490451
4.32481103374329 -0.264500842015981
4.32481103374329 -0.264500842015981
4.32481103374329 -0.264500842015981
4.32481103374329 -0.264500842015981
4.32738719372376 -0.264431213425688
4.32738719372376 -0.264431213425688
4.32738719372376 -0.300426793092103
4.36202624784893 -0.294305643978613
4.36202624784893 -0.294305643978613
4.36202624784893 -0.294305643978613
4.37340987434596 -0.283922370881233
4.37340987434596 -0.283922370881233
4.37340987434596 -0.296598548836743
4.38149891675887 -0.296598548836743
4.38149891675887 -0.296598548836743
4.38149891675887 -0.296598548836743
4.38232078439139 -0.296598548836743
4.38550240643113 -0.296598548836743
4.3979610790845 -0.289371859056135
4.3979610790845 -0.289371859056135
4.3979610790845 -0.289371859056135
4.3979610790845 -0.289371859056135
4.3979610790845 -0.305390421074822
4.38443248320027 -0.305390421074822
4.38443248320027 -0.305390421074822
4.37700592297231 -0.299674387392338
4.37700592297231 -0.299674387392338
4.37700592297231 -0.307431450914332
4.37700592297231 -0.307431450914332
4.37700592297231 -0.309198116557757
4.37700592297231 -0.309198116557757
4.41782672467904 -0.309198116557757
4.41782672467904 -0.309198116557757
4.3933038145635 -0.322125093629054
4.3933038145635 -0.359497466926891
4.3933038145635 -0.359497466926891
4.3933038145635 -0.359497466926891
4.3933038145635 -0.358382984345554
4.3933038145635 -0.358382984345554
4.39254421138066 -0.362906865046454
4.36529600762445 -0.362906865046454
4.36529600762445 -0.344946513773143
4.36927988090794 -0.344946513773143
4.36927988090794 -0.344946513773143
4.41130776825564 -0.326626949979088
4.41130776825564 -0.326626949979088
4.39826543501329 -0.326626949979088
4.39438308669965 -0.326626949979088
4.39438308669965 -0.326886355595448
4.39438308669965 -0.326886355595448
4.34456227592115 -0.326723756193545
4.34409531827653 -0.333306461472227
4.37492647880425 -0.334376236196747
4.37492647880425 -0.324213214020579
4.37581861408925 -0.343478938969248
4.37581861408925 -0.321932820364373
4.37581861408925 -0.321932820364373
4.37581861408925 -0.321932820364373
4.37581861408925 -0.321932820364373
4.37276256581244 -0.308154164371283
4.37276256581244 -0.307775323102379
4.33017391126173 -0.312444692258984
4.31856345373069 -0.312444692258984
4.31856345373069 -0.312444692258984
4.37247144558154 -0.283855936025017
4.36036370604418 -0.283855936025017
4.36036370604418 -0.305254337030187
4.36423365678136 -0.305254337030187
4.3445726164144 -0.33383723449708
4.3445726164144 -0.32246646505315
4.3445726164144 -0.32246646505315
4.3445726164144 -0.333322207835071
4.3445726164144 -0.333322207835071
4.35596238571335 -0.317945332739135
4.35937232524269 -0.326063945698354
4.35461281386132 -0.326063945698354
4.35461281386132 -0.326063945698354
4.35461281386132 -0.323730738971682
4.37270211783859 -0.33437736895304
4.38573771621119 -0.33437736895304
4.35824697464032 -0.33437736895304
4.35044903043756 -0.33437736895304
4.34790901534786 -0.31658584701693
4.33889979581455 -0.31658584701693
4.32369897642279 -0.31658584701693
4.32369897642279 -0.31658584701693
4.32369897642279 -0.31658584701693
4.32109151757468 -0.31658584701693
4.32303877350918 -0.31658584701693
4.31411667198472 -0.305703838077678
4.31411667198472 -0.306453931035876
4.33536988533727 -0.306453931035876
4.35205425457376 -0.306453931035876
4.34129514612602 -0.32323506669323
4.34129514612602 -0.32323506669323
4.34289360089561 -0.316930970851835
4.33783403808865 -0.316930970851835
4.33783403808865 -0.318139200668484
4.33783403808865 -0.318139200668484
4.35439346062732 -0.325102314216978
4.35439346062732 -0.325102314216978
4.35439346062732 -0.325102314216978
4.3474433314394 -0.352021471102876
4.3474433314394 -0.352021471102876
4.32501380721936 -0.352021471102876
4.3210556200956 -0.352021471102876
4.3210556200956 -0.352021471102876
4.3210556200956 -0.34170555672648
4.3210556200956 -0.34170555672648
4.32602492655357 -0.34170555672648
4.35896099568454 -0.345501206847436
4.35896099568454 -0.345501206847436
4.35896099568454 -0.356263839282185
4.35896099568454 -0.35154080143615
4.35896099568454 -0.358459752099781
4.35896099568454 -0.348437338177877
4.35896099568454 -0.356388651930253
4.35446781134751 -0.340710709051889
4.34097226649537 -0.340710709051889
4.34097226649537 -0.349220929867601
4.34097226649537 -0.349220929867601
4.40500614287494 -0.349220929867601
4.40500614287494 -0.365498179455205
4.40500614287494 -0.36558451315782
4.40500614287494 -0.36558451315782
4.37041020068792 -0.36558451315782
4.41333812070289 -0.350702688101421
4.42690839996013 -0.350702688101421
4.39206426446884 -0.350702688101421
4.388399293047 -0.350702688101421
4.43503594964233 -0.350702688101421
4.43176924584038 -0.350702688101421
4.43176924584038 -0.350702688101421
4.46578054500634 -0.365892339680025
4.46578054500634 -0.365892339680025
4.47981713926417 -0.34594090629847
4.4701001395092 -0.348142393422557
4.4701001395092 -0.348142393422557
4.47602848487496 -0.348142393422557
4.47029321861912 -0.353430904527002
4.48610098899438 -0.353430904527002
4.48610098899438 -0.349252320158576
4.47203200888496 -0.349252320158576
4.47203200888496 -0.354127794579665
4.46077838657965 -0.390289186917828
4.46077838657965 -0.390289186917828
4.46077838657965 -0.38221189478241
4.46077838657965 -0.372268091337905
4.44482495320065 -0.372944759581888
4.45368530178984 -0.372944759581888
4.45368530178984 -0.385791215796533
4.44700927463534 -0.385791215796533
4.4760632538819 -0.385791215796533
4.4760632538819 -0.36882882897027
4.46423669481461 -0.36882882897027
4.46414830920561 -0.398073351918342
4.46414830920561 -0.398073351918342
4.42899068567134 -0.404319482587643
4.42899068567134 -0.390384649023451
4.42851474002473 -0.401562109632699
4.42851474002473 -0.401562109632699
4.42127155303559 -0.401562109632699
4.42127155303559 -0.388510552523402
4.42127155303559 -0.388510552523402
4.42127155303559 -0.395300989643329
4.38100372808447 -0.395300989643329
4.38100372808447 -0.420338372132028
4.34498719210896 -0.413884978249257
4.34981643374917 -0.413884978249257
4.34981643374917 -0.413884978249257
4.34981643374917 -0.432514986014702
4.35743618917652 -0.432514986014702
4.35743618917652 -0.432514986014702
4.36470284975795 -0.432514986014702
4.36470284975795 -0.432514986014702
4.36470284975795 -0.393387130960485
4.36470284975795 -0.393387130960485
4.36470284975795 -0.393387130960485
4.3576353196755 -0.393387130960485
4.38290092778125 -0.393387130960485
4.38290092778125 -0.393387130960485
4.38290092778125 -0.393590268667489
4.38290092778125 -0.393590268667489
4.38319750570939 -0.404145492420279
4.38319750570939 -0.402122900715962
4.38319750570939 -0.402122900715962
4.36598360329681 -0.402122900715962
4.36598360329681 -0.402122900715962
4.36598360329681 -0.402122900715962
4.33729660748115 -0.402122900715962
4.33729660748115 -0.402122900715962
4.33729660748115 -0.402122900715962
4.33729660748115 -0.402122900715962
4.33729660748115 -0.406281685777696
4.30930477430944 -0.396939983788706
4.30930477430944 -0.396939983788706
4.30930477430944 -0.412532588513643
4.30935591860525 -0.41625754574857
4.30935591860525 -0.413094221114941
4.30935591860525 -0.413094221114941
4.30935591860525 -0.423881959545971
4.30935591860525 -0.423881959545971
4.32536876895974 -0.429063499485255
4.32536876895974 -0.424202419646569
4.32822566717447 -0.424202419646569
4.34311815948158 -0.395903663113582
4.34311815948158 -0.395903663113582
4.3449564272334 -0.395903663113582
4.3449564272334 -0.395903663113582
4.3449564272334 -0.36487144521601
4.3449564272334 -0.36487144521601
4.3449564272334 -0.36487144521601
4.3449564272334 -0.380089032068431
4.32493494427974 -0.380089032068431
4.32493494427974 -0.363808136471066
4.33538710102379 -0.363808136471066
4.33538710102379 -0.37555450245546
4.33538710102379 -0.36993101396529
4.33538710102379 -0.375703957405315
4.33538710102379 -0.355800185523174
4.33538710102379 -0.369392184291316
4.33538710102379 -0.361261219214729
4.33538710102379 -0.375447148663104
4.35100044606373 -0.375447148663104
4.35100044606373 -0.384541432351059
4.3250329000002 -0.375155828752835
4.3250329000002 -0.375155828752835
4.3250329000002 -0.383656761633944
4.30920305438914 -0.383656761633944
4.29243767728757 -0.385875376048672
4.27634721041681 -0.385875376048672
4.27634721041681 -0.390898973349154
4.27634721041681 -0.390898973349154
4.26062849584428 -0.390898973349154
4.27757249476203 -0.390898973349154
4.27757249476203 -0.390898973349154
4.27757249476203 -0.390898973349154
4.27757249476203 -0.366897472947188
4.27757249476203 -0.366897472947188
4.27006808100865 -0.37128016530133
4.27006808100865 -0.370759305614006
4.24919650925429 -0.370759305614006
4.24919650925429 -0.380581779720234
4.26055858390035 -0.380581779720234
4.26055858390035 -0.380581779720234
4.25549925183627 -0.385294102503859
4.27410850739089 -0.407687400710816
4.27410850739089 -0.416216353877976
4.28778322953863 -0.427204299349531
4.27605444320457 -0.406323749587436
4.27605444320457 -0.397934501838291
4.26357911914507 -0.396806196090565
4.26357911914507 -0.396806196090565
4.24000446613209 -0.380038768274223
4.24000446613209 -0.369053223277927
4.24000446613209 -0.377234630747999
4.22073984359734 -0.377234630747999
4.2224437179947 -0.377234630747999
4.2224437179947 -0.377234630747999
4.26727075812774 -0.377234630747999
4.26521487380548 -0.377234630747999
4.26521487380548 -0.377234630747999
4.25804152127776 -0.377234630747999
4.23855381214802 -0.377234630747999
4.23855381214802 -0.377234630747999
4.23855381214802 -0.377234630747999
4.23855381214802 -0.377234630747999
4.23855381214802 -0.373814225362091
4.23040907558982 -0.389021480947414
4.24509442103399 -0.389021480947414
4.24509442103399 -0.389021480947414
4.23326634451959 -0.389021480947414
4.23326634451959 -0.387140880827643
4.23326634451959 -0.410603601964342
4.23326634451959 -0.377963761915917
4.23326634451959 -0.377963761915917
4.23326634451959 -0.377963761915917
4.23064296331261 -0.377963761915917
4.22994495839205 -0.377963761915917
4.22994495839205 -0.377963761915917
4.22994495839205 -0.395518602264757
4.22994495839205 -0.385018000569929
4.23377108294874 -0.385018000569929
4.23377108294874 -0.402291012009622
4.22866932696654 -0.402291012009622
4.23148408789115 -0.394055481671997
4.23148408789115 -0.394055481671997
4.2250795737108 -0.394055481671997
4.27439571959764 -0.388939348404629
4.27439571959764 -0.380900864358326
4.27442113954153 -0.380900864358326
4.26692832350816 -0.380900864358326
4.26692832350816 -0.380900864358326
4.25431397928248 -0.380900864358326
4.25431397928248 -0.380900864358326
4.25431397928248 -0.366234217132289
4.25431397928248 -0.366234217132289
4.25431397928248 -0.385607336310356
4.26898260854489 -0.385607336310356
4.25266073982343 -0.387845210060212
4.25266073982343 -0.404366560565923
4.25266073982343 -0.40394619155737
4.25659750035018 -0.40394619155737
4.25659750035018 -0.40394619155737
4.25659750035018 -0.404012375298086
4.25557180430885 -0.415980416550693
4.25729769168065 -0.415757974067385
4.25729769168065 -0.415757974067385
4.25729769168065 -0.415757974067385
4.24699724056269 -0.381962352764502
4.25342631605582 -0.381962352764502
4.25342631605582 -0.381962352764502
4.25342631605582 -0.381962352764502
4.25342631605582 -0.381962352764502
4.23883180422396 -0.387005668344081
4.23801990163206 -0.387005668344081
4.22534490867798 -0.387005668344081
4.22534490867798 -0.387005668344081
4.24554860530202 -0.387005668344081
4.27575525852052 -0.387005668344081
4.27575525852052 -0.387005668344081
4.27575525852052 -0.387005668344081
4.28711366716924 -0.387005668344081
4.2759227928037 -0.387005668344081
4.2759227928037 -0.387005668344081
4.2759227928037 -0.384727708758932
4.27872499305221 -0.384727708758932
4.27872499305221 -0.384727708758932
4.27872499305221 -0.384727708758932
4.27872499305221 -0.371910435592231
4.29506625262348 -0.362714887392294
4.34902403956616 -0.362714887392294
4.34902403956616 -0.362714887392294
4.34902403956616 -0.356822589008283
4.34902403956616 -0.3533601673929
4.34902403956616 -0.3533601673929
4.34902403956616 -0.3533601673929
4.37269472982165 -0.3533601673929
4.37269472982165 -0.3533601673929
4.32220051279483 -0.3533601673929
4.32220051279483 -0.3533601673929
4.32220051279483 -0.3533601673929
4.33690138317892 -0.348020948112443
4.33690138317892 -0.348020948112443
4.33690138317892 -0.348020948112443
4.30976580270641 -0.348020948112443
4.30976580270641 -0.348020948112443
4.30976580270641 -0.338638052553572
4.32302365582337 -0.338638052553572
4.35128719349022 -0.363711307010833
4.34447481284758 -0.363711307010833
4.34447481284758 -0.363711307010833
4.39365990346756 -0.365490671839707
4.39052584835555 -0.365490671839707
4.39052584835555 -0.338186458122915
4.42863505865764 -0.338186458122915
4.42863505865764 -0.338186458122915
4.42863505865764 -0.336430614877864
4.43686081722603 -0.336430614877864
4.43686081722603 -0.336430614877864
4.43686081722603 -0.336430614877864
4.46038611607002 -0.319804620509684
4.45963443064073 -0.319804620509684
4.43840839728355 -0.319804620509684
4.43870083657648 -0.311776792927114
4.43870083657648 -0.311776792927114
4.43870083657648 -0.311776792927114
4.43870083657648 -0.331552945404465
4.43870083657648 -0.331552945404465
4.43870083657648 -0.331552945404465
4.43870083657648 -0.331552945404465
4.45816463219464 -0.331583975419328
4.48672116903702 -0.331583975419328
4.48672116903702 -0.331583975419328
4.48672116903702 -0.331583975419328
4.46184178373249 -0.339414132183806
4.46638324978097 -0.339414132183806
4.47088318038237 -0.331922686920775
4.47088318038237 -0.331922686920775
4.47088318038237 -0.331922686920775
4.47088318038237 -0.330770972369686
4.47088318038237 -0.330770972369686
4.44895057065099 -0.356275866679157
4.43665884253494 -0.362771301205965
4.4333128615853 -0.362771301205965
4.41985439684237 -0.362771301205965
4.41985439684237 -0.362771301205965
4.41985439684237 -0.362771301205965
4.41985439684237 -0.362771301205965
4.41985439684237 -0.341515602310556
4.41985439684237 -0.368487754374528
4.42500433515063 -0.349876585154732
4.38215926769309 -0.349876585154732
4.40047786930189 -0.353240836983514
4.40047786930189 -0.377460575268488
4.40047786930189 -0.407824534600613
4.40047786930189 -0.404456197351289
4.3922843338034 -0.404456197351289
4.3922843338034 -0.404456197351289
4.38681826113822 -0.404456197351289
4.38681826113822 -0.424628163625529
4.38681826113822 -0.415995838574545
4.40435137657233 -0.399891575103703
4.40435137657233 -0.420853536780408
4.41964436036204 -0.398191969316169
4.39614170262786 -0.398191969316169
4.4035709703727 -0.398191969316169
4.42062552022037 -0.397808317716358
4.42062552022037 -0.397808317716358
4.42062552022037 -0.397808317716358
4.39216125644737 -0.388855381881552
4.41967689479173 -0.390129300281607
4.41967689479173 -0.390129300281607
4.41967689479173 -0.390129300281607
4.4333536792292 -0.390883068643426
4.4333536792292 -0.390883068643426
4.42071806415778 -0.37910806987857
4.42071806415778 -0.37910806987857
4.4259350199932 -0.379961143806861
4.4351219830208 -0.379961143806861
4.4351219830208 -0.38320327955188
4.43358400948934 -0.38320327955188
4.43358400948934 -0.38320327955188
4.43015171654499 -0.353024382686629
4.43015171654499 -0.368201224592718
4.42389822267678 -0.374943076012375
4.42389822267678 -0.374943076012375
4.41501872053078 -0.360383017168793
4.41501872053078 -0.357123661290795
4.39233489658387 -0.357123661290795
4.39233489658387 -0.357123661290795
4.39233489658387 -0.343347313106794
4.39233489658387 -0.367606023435647
4.389523776205 -0.367606023435647
4.36765110212908 -0.367606023435647
4.36765110212908 -0.37020997138451
4.36765110212908 -0.37020997138451
4.36765110212908 -0.37020997138451
4.36765110212908 -0.365834195372688
4.35443912623552 -0.365834195372688
4.37082407207346 -0.365834195372688
4.37082407207346 -0.353583447292657
4.37082407207346 -0.353583447292657
4.35011100134243 -0.353583447292657
4.3496341390617 -0.354397377998924
4.35090539692408 -0.352103451093832
4.35090539692408 -0.331086544264497
4.35800496551011 -0.331086544264497
4.35800496551011 -0.331086544264497
4.3598803214458 -0.319691369921835
4.37862356792956 -0.319691369921835
4.37862356792956 -0.327990232941253
4.38039655339125 -0.327990232941253
4.32439248527829 -0.323499555095409
4.35256315315773 -0.323499555095409
4.35252883474175 -0.323499555095409
4.35109751272855 -0.323499555095409
4.35109751272855 -0.323499555095409
4.35109751272855 -0.323499555095409
4.35109751272855 -0.323499555095409
4.35109751272855 -0.336611365076812
4.32544093923995 -0.336611365076812
4.32544093923995 -0.336611365076812
4.32544093923995 -0.336611365076812
