0.220012985789416
0.315155408832593
0.324557171308788
0.27414642196196
0.643038221100985
0.259696172251206
0.567710145302051
0.541160965752063
0.225124653595471
0.661945377210319
0.259552593632138
0.12000374467932
0.383188608940719
0.332626414615734
0.165823750549156
0.268509432036375
0.241038813023021
0.217798703254047
0.227749777593246
0.268272575196888
0.370945318119134
0.286897030596128
0.275541001869098
0.270320504540446
0.13980488568157
0.438582479838247
0.423787070220188
0.268170048689837
0.241483657720668
0.328434412142391
0.230298047744982
0.27103870292377
0.339451253820744
0.335460847961204
0.535481970663218
0.149188660557686
0.15335563290416
0.508901407424022
0.648365538088696
0.459598152956977
0.257688027872791
0.226303496165413
0.167717301251501
0.158005283447462
0.322928910148249
0.424158398476146
0.305942898203787
0.389167563161394
0.12402301040884
0.411533355814819
0.25446991995825
0.252249720075916
0.223699661778292
0.262290757663042
0.375430280591245
0.279305664211812
0.167625040601922
0.217182286247964
0.226546826337257
0.419913973510195
0.286675375177898
0.454742292032453
0.344817061470154
0.270086345824581
0.164245177142282
0.185451311428004
0.413297751720307
0.177440610658265
0.313996287044263
0.67718558784876
0.286360425047202
0.216133086938412
0.394393067342298
0.414211898832154
0.467241768938596
0.240898048597258
0.11755467992133
0.381438337604602
0.405223091764209
0.277347863536569
0.10755289569019
0.239952719166065
0.266936476834352
0.184749583813355
0.578631986935038
0.186136589674528
0.191044608278252
0.218656658615896
0.161835035089567
0.24436254396878
0.429995918322501
0.169385375629521
0.345322881648136
0.117602128687473
0.213666065618006
0.343104001106173
0.267806203692343
0.28596777824018
0.15234086214503
0.227980584074457
0.580728353157734
0.277951688714199
1.18512756118914
0.340138841879855
0.185235073560952
0.344274859399123
0.229040911027067
0.204631672455806
0.165754851225614
0.173499826464022
0.599720483088471
0.219464147087361
0.457990312461057
0.313894063723922
0.227457924295687
0.470246088456395
0.450738193358671
0.346955359218153
0.498660216069605
0.312858010228633
0.709635483270039
0.759687433091951
0.252462714524045
0.258367040117755
0.159641709802091
0.122507551007123
0.117984637751515
0.397148901675078
0.440918670614444
0.37382548208794
0.290032173870305
0.43699640478262
0.446259089317671
0.359932833921453
0.28020136975251
0.316236902687417
0.316129359236227
0.338682552642771
0.472107474177079
0.229413448236082
0.322597686723349
0.38233058815309
0.493273294436143
0.314994783983327
0.505136735248815
0.53437320335332
0.169118869126681
0.53785368927463
0.723229752392389
0.272421396056786
0.166340177032506
0.717845530917824
0.209940313341355
0.18717333422774
0.165243603181779
0.209983831901054
0.483053517932317
0.230059753175606
0.261391821076937
0.187305049069563
0.227747127728854
0.190768072136585
0.334303010122356
0.379179989767505
0.171845234589632
0.156548157334912
0.341452510106346
0.718888256868312
0.15295086004393
0.19256377096511
0.282544370475631
0.146765210767212
0.38079702268115
0.194198182773762
0.429789686551886
0.61318310585334
0.157410077053599
0.277392077213957
0.217197907289797
0.137100314357456
0.186433327334303
0.29163548209467
0.208684651478011
0.279245677968747
0.343553063520918
0.429580502205902
0.169376194574062
0.266344892280693
0.216419348825022
0.405129971290325
0.268366777743607
0.228516790218902
0.213409144402579
0.250422226826974
0.267655996042209
0.430401318355155
0.403511482625308
0.188300377221662
0.335892525211649
0.206661316730768
0.328299973145345
0.419134200310764
0.67880706130028
0.298998270296759
0.191628292133603
0.111154240180501
0.345688168106281
0.217379187715128
0.585571909262791
0.243103274606306
0.468794674023332
0.596416176272531
0.310088500468247
0.310657845229663
0.455400643866477
0.224586038201678
0.183126506613987
0.447628363247789
0.165375579269577
0.339973499910031
0.222995573275143
0.302546183585712
0.360693120938712
0.354172634204252
0.206345654789345
0.369846145763057
0.356230796508441
0.147158097482864
0.292207677738612
0.196300003316966
0.367168486459075
0.496265908877206
0.616094535354056
0.191007563245844
0.212485309543831
0.280211146272935
0.375726121797792
0.521292865276874
0.190334833341348
0.21056591435656
0.349424557506164
0.146654553116256
0.14929827567198
0.36041336213078
0.291491645196649
0.305527461709826
0.27238002491393
0.244111151701082
0.385442920811211
0.243549548616828
0.197265575053918
0.459497842903454
0.193354980337965
0.540193046742838
0.17690335763391
0.243516189634085
0.254688646822999
0.253984658444588
0.309137835246807
0.691642273548901
0.236948536763944
0.396194055267161
0.323941773809427
0.597015660646665
0.44361666119589
0.481811643351325
0.350900064658094
0.269502410803486
0.136734533554231
0.480290313819867
0.379911851993627
0.190035151496495
0.261465540792476
0.458361342070115
0.313967682112253
0.576039703342231
0.255657519873846
0.451503983541326
0.150653201239133
0.369379453032998
0.244746851747505
0.184447368219721
0.207807439058475
0.34847399070267
0.6393640458281
0.214452376210032
0.402064367052929
0.358486932854257
0.366599830003876
0.257737925629704
0.433250258769089
0.808880526561348
0.251364456896519
0.190986563774598
0.392869478970856
0.306806340648592
0.183351588411164
0.760901371071512
0.333848796886567
0.298846109446727
0.419162682456342
0.264125913898639
0.214877893954332
0.246010934744136
0.108068047434282
0.579661080473298
0.380940572075576
0.203364940150087
0.35396573415927
0.56243707637668
0.217666555113344
0.355582799965392
0.839694918354945
0.16290238273115
0.455431367578524
0.418738664245462
0.38577345988755
0.7601873769647
0.308169643529144
0.38253077288586
0.275356619347267
0.452114928829394
0.13663726280917
0.226560426451371
0.150496059111503
0.339720083642007
0.206063839726148
0.452551611044896
0.261702370471396
0.389399103194534
0.208288968803676
0.144593391578372
0.306846320747511
0.345316111310387
0.282138662453449
0.187574075038269
0.117926038933267
0.380674800086227
0.592910557870757
0.201486749658422
0.59543747197072
0.250942163791377
0.384762350971388
0.343586086371181
0.177260836200345
0.258099549398506
0.265271791192461
0.26681989262559
0.362066184124421
0.120059032181655
0.217793301671175
0.215709770065309
0.222834548519713
0.411994822711452
0.435260736269577
0.181909339424357
0.38227253638743
0.268878032434429
0.358922234291762
0.3819866756614
0.437000023572631
0.231562747602238
0.377264991932157
0.189688165923374
0.510145592564959
0.306463137571919
0.631173143621534
0.459696434654287
0.219183677773548
0.256986273001395
0.54649798509383
0.193651817448453
0.267492895521863
0.228473104764495
0.594631408231634
0.298080993743614
0.414854973557254
0.426039431029877
0.313409806071375
0.152957952143435
0.57654894898975
0.391935528617229
0.240848600899118
0.579666811003487
0.249422082843761
0.228964650331443
0.267518409429119
0.227298613660114
0.510311860355545
0.357573753298471
0.229601675486275
0.249226202384421
0.258995220965471
0.406728534874247
0.14307112281063
0.134055112102121
0.317372000213018
0.714409344479637
0.135653187044691
0.167722302656972
0.316674728496997
0.296570723540728
0.219508714666843
0.395658858849981
0.104166833970493
0.16362273098389
0.258435335609748
0.336144350144907
0.215473855218411
0.273496855537812
0.649489200174262
0.328247974151793
0.237331242804938
0.190519731608791
0.275690207081952
0.549885729344832
0.409598523309717
0.492749235617533
0.168232613057383
0.182376218931835
0.672246964645126
0.368646392719112
0.12300042324293
0.389518605690391
0.580685866238437
0.31496807917221
0.351984634585236
0.275152560515514
0.374701493415108
0.174559022956413
0.539279892029553
0.317080110961101
0.215762855919424
0.178287553784716
0.342245786081955
0.30915722961385
0.209653818558708
0.866307461565044
0.113381446842777
0.352237261936101
0.658634591104943
0.333186455444247
0.154245364249713
0.355617209597825
0.290642002501892
0.687901683442278
0.407470983729761
0.155519106475964
0.759974957767671
0.222913907012709
0.232233340051281
0.528485297999442
0.219899616616409
0.309946267517038
0.250577087261881
0.373208133528564
0.291008205417274
0.247699586659236
0.35671664730281
0.324825816403433
0.394017334753674
0.277876427457323
0.529409663626319
0.386512568187059
0.301101560270789
0.299590438449348
0.33166632702769
0.409122702820581
0.511018816126696
0.12666127457341
0.225434787510073
0.450574467599359
0.163457088530831
0.253797894056111
0.304625804435656
0.357943286162247
0.226612520875044
0.306738331852624
0.345683760867848
0.355951759468237
0.230309161275786
0.190823154625621
0.177132598777002
0.349521494451341
0.312801019336756
0.129848499783608
0.247722330232193
0.265130314709233
0.326407599226398
0.113735675251515
0.266124220577782
0.301510469819045
0.232160847602996
0.180407913712474
0.271677690142382
0.409740480841664
0.736959949524552
0.411238436315451
0.296184634351355
0.366281508796314
0.253772318399261
0.153684147176338
0.329706882813431
0.230133032150399
0.209588523492939
0.426439826793283
0.256161604013595
0.233071242208541
0.252615778972687
0.287084022606435
0.247706890862877
0.181253071632887
0.167661312885236
0.214123179217807
0.238104823030924
0.365962037998538
0.228865814006774
0.778170431155373
0.476150756968406
0.537319066517174
0.328887728306869
0.267771064809011
0.116325375757026
0.191285607746688
0.334892108440619
0.399916621758506
0.158959043181549
0.338006989193613
0.337753487637376
0.363936801466647
0.310715698835611
0.325275551759109
0.368705009893923
0.152393753269821
0.422621721236395
0.199750696718693
0.111859101233505
0.441835903770464
0.147739015036408
0.198685602579633
0.19070335787906
0.364720199795506
0.207935060796952
0.387081895267382
0.287084359517609
0.43396714940686
0.31321136049321
0.33461015781455
0.185020660207593
0.368268426006984
0.26907420899128
0.517951539779966
0.329234321951256
1.1768291482179
0.220990286416986
0.332107798152513
0.33757558146523
0.274427893458712
0.419039656181452
0.445902718275235
0.44722030343794
0.255181408526526
0.213938640949104
0.476217546565403
0.279222470128028
0.656948281701779
0.375006666869398
0.406160886138536
0.39582039561618
0.129294250863959
0.500096568951193
0.167262767631675
0.234690949282035
0.340709497653812
0.277670919107718
0.118436853080657
0.460574446686581
0.221459695510106
0.333134874296716
0.612412406195638
0.541544134799253
0.319249866679487
0.319398422018304
0.2209150526728
0.147581449979821
0.461671744984686
0.222705065340804
0.299332884876147
0.382623939529796
0.414177778112134
0.24434517165332
0.39293587065247
0.288879706245132
0.468799921318689
0.309719692054644
0.417220855949238
0.484495666361828
0.266406441042041
0.151890470575216
0.299925893030095
0.274449078161289
0.446706767399694
0.17720164740934
0.160013641535806
0.321230256842059
0.417688702365599
0.218935638473245
0.144568084680665
0.371594054220401
0.135780690442619
0.682650787933792
0.158607071666935
0.492693235051427
0.484882457067876
0.650830785671462
0.252109895321171
0.1749003323103
0.245784029897445
0.264239681260254
0.235508900339362
0.148617006267511
0.295139714109783
0.145266575103957
0.33483918297587
0.594986495357435
0.672566739182816
0.21210688847487
0.213137550766338
0.302871955264376
0.42674793459522
0.39823727292611
0.614555033476032
0.319040019831752
0.21454452530743
0.178116783257461
0.437530492814617
0.243775733377555
0.206101334268911
0.215954505776382
0.339063724141761
0.488299593406959
0.274133422374693
0.429390730499094
0.460181093665773
0.305710553801747
0.601560131032004
0.223017234778256
0.430868771566461
0.200894273902119
0.350904675776362
0.290865388408922
0.251810846947915
0.106717913791438
0.256580509332866
0.16481294447933
0.328980169708069
0.167261272721826
0.363740906824829
0.279383043394621
0.515044475610557
0.338289304214802
0.330141708371522
0.200432261251821
0.225172926139297
0.246856955180355
0.332019846800477
0.382778543533058
0.450647951023723
0.242264614512689
0.616439203306932
0.40758189468278
0.538277547419848
0.259077018321413
0.523814490319442
0.316651396344266
0.53610786054855
0.268442986643115
0.452701877624967
0.383307057735839
0.438499112374233
0.333274189763457
0.195435384308133
0.416587421073568
0.405781651757716
0.353686277768041
0.363333943317658
0.685550260351097
0.331367950513729
0.220656589365828
0.11854332575576
0.235846950617944
0.541319148386137
0.313129041551733
0.379407403499592
0.298668537829822
0.559070960916717
0.215554507742985
0.859682643199823
0.174067054865767
0.207687013363688
0.410913316486524
0.162125325223919
0.142814578633644
0.407694468653302
0.149492164835683
0.829880397026431
0.446784345519358
0.557104599576724
0.413226858201053
0.27955778460932
0.234535742915967
0.22314299622425
0.317300536450349
0.419955507130777
0.2619557805685
0.284756221631106
0.539389830800564
0.193892606539884
0.226060860568498
0.306911657543251
0.227104809068178
0.177257112867362
0.225008784582134
0.21986216099692
0.142513051830693
0.117891815569278
0.147566271264747
0.111065764367989
0.27050593333241
0.921272191686995
0.410198732099392
0.25593820451875
0.369682201597675
0.381551731008537
0.255032271159313
0.162628595869659
0.59750415322829
0.535534407403159
0.237141178419053
0.108360381970012
0.52701742264235
0.233859974771767
0.185473295015153
0.290556058435306
0.41106076006886
0.245608544988896
0.318604827216577
0.361681081264632
0.329222596042803
0.396607934190737
0.166039586961598
0.142088280741904
0.153426641706696
0.328917140526817
0.290035960985281
0.23074348400582
0.308475037597012
0.430377889831915
0.25548772613285
0.226054154805352
0.244280317299579
0.495711300630552
0.51000437310339
0.213671373155135
0.646170052346964
0.520154916391896
0.364489593345772
0.433298333242414
0.322471072218573
1.16279110222769
0.458408376781645
0.287998233333686
0.298189580748935
0.349809293592331
0.50297191296596
0.354182685034888
0.309510823532687
0.491207425942322
0.180840741668952
0.181956438323965
0.291530488046574
0.129151664521113
0.388908075387457
0.598693723740402
0.374216404617162
0.289241608053169
0.462675415585312
0.17085183134436
0.310149956495355
0.413779079247374
0.595418172285933
0.13603606271828
0.141998127195062
0.340438752503236
0.130852647925399
0.312716550595162
0.284055519602362
0.182776539791108
0.269874995082319
0.209503285171831
0.335099873195021
0.313406549010572
0.146589461137603
0.462130022575256
0.335198299072483
0.310366422639483
0.175087801771948
0.559708019283291
0.148885380493282
0.38212914813416
0.562445411838965
0.18858495909202
0.493527544837881
0.603803372006574
0.219467447128553
0.121596705481474
0.38353400767478
0.232301530117613
0.306912493400794
0.270623119084497
0.461030573788244
0.159485772390507
0.319423580614178
0.317810038069449
0.687785078668702
0.251557780447602
0.224552622869296
0.325014095586765
0.411942533569306
0.341135948201063
0.302862867067041
0.168549281847012
0.202097562490085
0.362555506062556
0.207384597633081
0.271516704495166
0.194949962790984
0.47332573559504
0.268716569344062
0.121036334411784
0.178370865361383
0.202813267553157
0.186815932397358
0.129635648687207
0.245354004085861
0.468934323388478
0.30348807211101
0.33181023271619
0.355728564166408
0.179796809688321
0.269647968464848
0.736855922818681
0.615523151357117
0.243506985694319
0.30201758392609
0.184182400954446
1.01569290303856
0.353169392053906
0.146811027107823
0.167119325497161
0.137927075119475
0.16324732241229
0.173660087377705
0.327794742971382
0.490172101667462
0.462589871718365
0.230218829119584
0.292283009295238
0.15475173793252
0.215544829608295
0.17282980432366
0.27182433885818
0.243807847115847
0.805714605424688
0.136088125771822
0.295265468590776
0.323188607264438
0.570795673613344
0.196544997327309
0.179003383584906
0.211447215777522
0.294749128509517
0.418708193747605
0.584200322053862
0.110300186593226
0.265253694521411
0.222732971397752
0.417884675422772
0.287242824627435
0.380437342516205
0.284500046719055
0.501740792325234
0.132400049449041
0.187318796942732
0.44875459077989
0.4701818327918
0.119914207676174
0.302755901720229
0.166267909750484
0.287348214649733
0.235707917058482
0.175169932566278
0.262047792831419
0.522600452671255
0.279660710876348
0.363380609490423
0.232707386830083
0.471012530814674
0.279925469608866
0.287846277121836
0.552635031870214
0.81122412806397
0.162003423862651
0.332155544196548
0.150946312276013
0.293572547317807
0.367198196906475
0.31356836729673
0.218654984080768
0.233836196427383
0.27947323945206
0.363886592874461
0.309099774319859
0.69301835099218
0.337584101735673
0.432913037181868
0.482225573491443
0.216787028811722
0.191889694864066
0.610039821424636
0.193673021662111
0.115211135024781
0.843777133637072
0.195327604985044
0.10376266119648
0.213974580137556
0.271819129757114
0.277944946466511
0.303513274978339
0.336252340954835
0.30627307282558
0.297978032420593
0.161171272728337
0.425448675454838
0.12798949942474
0.416973198351837
0.103049896187638
0.560594191755827
0.190871116338876
0.254006297183957
0.405366938441829
0.495642309497649
0.311740812440073
0.436384211325304
0.140937716198876
0.25148023136614
0.210543549499009
0.249958854754922
0.31001903725077
0.457024916931502
0.384325742621286
0.188319353006825
0.288444849112723
0.236441304513731
0.31517881583773
0.710711045046253
0.352646851082668
0.228347197282189
0.500850451146255
0.272112252222408
0.245459109035505
0.430728510850451
0.181317376905044
0.246706879993663
0.571520199594097
0.229274949198374
0.748773676402
0.316007644826664
0.374914129850155
0.157762557993009
0.307665011135501
0.307010811312346
0.491917850330576
0.427888277701641
0.237922129639853
0.405627654170547
0.242129672109002
0.28492736925505
0.14832885311993
0.193711894919435
0.496127768637395
0.536199232791839
0.253159150488851
0.177422104406528
0.715462618615877
0.399151058308929
0.309427783385242
0.230281754665387
0.237793729050423
0.342113762172678
