1.24022762100002
5.18560492793302
1.29148494504064
1.15459093884274
4.23088572503081
0.640111599803282
2.02547500211947
1.74088391399316
0.514559528323493
2.52323052681462
3.0654991946172
0.915045237180276
2.75231068376188
1.71821954096918
3.19024874633743
2.27949794907517
2.70735575310836
0.764289685574304
1.44264443461937
2.67276730439331
5.79234393140145
0.645155156013892
2.55516036841011
2.09633936451712
0.520726021229039
0.841354098682039
0.929520899951541
2.47762890941217
1.35467078599839
4.70072403729125
0.945964328530228
1.49664938396146
6.49808134395631
0.969652759265891
0.707773389851295
1.00074368685191
0.880102220720814
0.979680567615944
5.84494174822694
1.28621991378491
0.886371062684371
1.15965087671244
0.536727124707623
1.25008664066428
3.13966387930482
1.60770678275555
0.924058901633136
6.24808021334276
0.619812628753964
1.9493531895261
0.854553926373277
3.01132697459234
1.54965689071695
1.91679786083922
1.64867701820662
0.690947589690713
0.601655498864941
0.542086990340682
3.59832483690437
1.16059213665857
1.03702204612657
0.732466863417018
1.49945515681101
0.560278988439354
0.627034519759845
1.37818143888797
2.17131072730553
0.551383345252215
1.63873718822819
0.997598044580818
2.9827553677057
0.773723922231949
1.14235414501887
2.44219448440496
0.710483054854906
1.43836195950021
1.7998366913388
0.63533666758503
0.766902371834486
1.7135722415229
3.97675751228804
1.10797623468502
2.01767013149455
0.500527543011404
7.78625993149307
4.57435347403224
7.88406273964304
1.85896859290669
1.79595805383999
0.579716052515419
0.7874496089137
2.32783749781412
0.807315332857541
0.933507910877912
0.906569844201751
1.10377361376004
5.57886752765521
1.21082182943301
0.87740165213307
1.52492969694575
1.41568647954356
0.503140672120738
8.79172073524165
6.76559055584033
0.986042012047635
2.51878339405064
3.34926847710298
0.54490682063675
1.23972380190993
5.50630945755622
3.32909374700561
1.18817039342966
0.522647625451532
0.75970893411961
1.50768126969372
7.42625333320894
4.46566617128344
0.840938323450081
2.58218130236325
0.840940942244903
1.15107536001578
1.90543584537115
1.16166502629179
1.25067183110519
0.716985502212777
0.687262820112211
1.21149671316564
3.06114238150156
1.16551356162732
0.674561925160896
0.753005963839217
1.30735222796229
1.88312249659211
1.1463208741829
0.769233635758289
1.04360855324281
0.679405817022316
3.08902375554595
0.61873429059889
1.16153172703698
1.38902659056239
0.754898773672513
2.39953037378037
1.45869523826797
5.25782972214729
0.573364731824035
2.0908938157697
3.85980348543151
1.39763398792916
3.90878240265534
1.12070707211002
3.57952994470177
1.97291282609865
1.04558093200232
0.539889126254376
1.63966618618898
3.64871112818521
0.998815644780614
0.518948673140511
5.56566826517415
0.762650398137404
8.59192362447119
3.34322640600386
1.11787972895679
0.627326339077927
0.713359666978726
0.754889708080555
0.539989887978806
2.70440899358365
1.43097344415717
0.611345036439361
0.655451048854086
1.54536219792762
0.640330044583156
1.09415802036664
1.94444823079419
1.11793073796682
1.47369889358242
3.58958540558081
0.890620017487285
1.42986144430623
0.810463452083917
5.15176177990816
0.507612001492659
0.684452353149505
0.591951781027706
1.06214410763361
0.663777014444964
0.506584627371786
0.639636246301065
2.0362762348424
7.64069368441977
0.954142298908286
1.07198408393429
5.62481639912245
0.633180648095243
1.36867062840511
1.56435650257726
2.97005183835582
1.4851364619504
1.33364304341965
0.84111261467359
1.25698526589037
1.9945673662889
1.39208932534566
1.37892596416036
0.741221509033273
1.06033869859572
1.55128384422433
3.64639724063934
0.616396161316686
2.66111047218729
1.04508211727668
1.15696439214472
1.18845042150453
1.14583423063388
0.607617106753618
0.666011108300102
1.23113247868013
2.98945692900276
1.13831861546831
3.17716279685022
0.595276568846107
0.703442685630233
0.695421706694083
2.16014731945361
0.891603695764437
0.548008689314089
2.73498024872227
2.24271586825313
0.950088818512262
1.24900158009788
4.19280237572211
7.00869014358298
2.65222565606652
1.81155444538654
2.87226911760784
1.05087736686327
1.37148631793225
1.99026900407879
4.00555925228717
2.82217560841515
0.560632077875154
0.563529271530983
1.84486083730792
1.02625927348927
1.18427435112256
1.01487681724447
2.91539384071172
0.7860428545668
3.49867900908737
1.64442042414533
1.08087944249475
1.04872028058156
0.513444578181117
0.643650767512733
2.29374514786169
0.531199709676686
2.40407001402852
0.762870405280722
0.718651849911195
4.32618802243925
0.998563734794514
2.30108195654679
1.52240864441732
0.641819188058256
8.46192573261609
2.39427763523335
2.01398095274896
1.95807358234085
0.649880923880377
4.10706556305532
3.60523338328189
3.10481900190495
1.49756615030349
1.2508207411865
0.711049243365476
0.917500256286483
3.15692924497772
1.87361086933333
0.547080337985959
5.59667384691937
1.53756211018235
0.92114376036019
2.52324850848088
0.51109358190551
0.738241436626952
4.89039388325788
1.16417829504668
0.624960232686313
2.02903061596506
1.8179842200912
1.13361504170976
0.648792663124733
4.41331907926008
0.725733720648033
0.807487858774974
2.09915794385739
1.72571730613957
1.61027305206384
0.515450596615125
2.82143935181981
0.514551321813603
0.580356717884117
1.39642165224212
1.84731300268673
3.55038826440307
0.919174190035367
0.974009811358332
1.71939603904466
0.631140808718144
3.84629667005791
1.06669118063438
2.94847437584491
0.83908099469197
2.85391184770868
2.15307145942767
2.45065466898583
2.13049622719821
1.85049445982062
9.37041549583606
1.49126944174144
4.08963080707848
0.821384121862294
0.6968142317009
6.06259823207935
0.708119726866519
0.864371097536182
3.30900455011192
0.699798288967513
2.04142495157381
2.29060867518657
7.36830758374049
3.28379136969575
0.714943520224426
3.20744744185702
1.99658184025016
1.2283508863261
3.10939532601829
0.565830057653718
7.84514009030215
1.02817518315908
2.17533233187573
1.04055465756578
0.683767028975974
2.201454217857
1.15928151787323
0.630642821126034
1.19923020956257
0.587427960570672
1.53977362888036
1.25990357159439
1.01571533214956
1.09888581778379
3.18598520805566
1.23830384881422
0.967279636663648
0.590352730067491
0.716050893775629
0.513240768537637
0.566091163811578
3.5381652719177
0.95066619733846
3.82089141646369
2.91345518458272
0.70526020222051
0.731481390835952
4.22110748723293
0.707915320165726
0.902963114378635
3.18243832379829
1.04687276845463
0.546320227793121
0.574418791645195
0.90142761924606
2.80089816080748
1.55404877749455
0.916797515881314
1.44783394376137
2.14580697076355
1.89896751698282
2.3790619014173
2.15007160756487
2.1862795853494
1.71186668478885
0.940048224066219
7.11225474375722
3.33567679411844
1.04625174441014
2.89109424962217
0.528045319306813
2.50780520529876
0.769613608616764
0.519901985749662
0.933220469323105
1.38014103644203
0.748296935037856
1.17599293996608
0.749923977355076
1.82937662197861
1.6680881430771
0.831884158812958
0.525789794203113
1.89359250891773
0.936109159510317
1.6407973861586
0.966989587863548
1.11109645389531
1.89832042759598
2.14464522936584
2.70882438230243
2.2444168432932
0.768156071478451
0.655983701594163
0.847099997050282
0.702398739289897
2.61593421382688
0.591407398923875
1.24522689428272
0.576685177473221
2.49987177439513
2.00433329076902
5.48045458047077
1.10194073694795
1.99753737193284
0.722529107699137
0.971140353522976
0.613616669578043
0.702826310664158
0.569994721280924
7.06813024666785
0.851902418946832
1.49919797728799
1.27854013165408
1.69871309580662
1.35083978213115
0.771219109317703
2.35005982474584
2.13101157778744
0.667283537283758
1.11536282372497
1.25216447788293
6.57360712005475
3.93490605373976
4.44683911514621
2.47648743835979
1.43569812899308
0.641676555274366
0.869168820415192
2.23842728811225
0.562826804686939
0.859041137159943
3.20512828256269
1.97228264374572
0.675826632163486
1.26879737049632
2.28057039552434
0.56243412747266
0.603811575175562
0.602041996192491
3.58326613302146
2.2819302770114
1.18704548972877
2.727272207159
3.91437403481353
3.51422709991671
0.815832580084442
0.843121102257937
0.71228680814348
4.72884746824123
0.552946868188009
1.72657236401581
7.16896754869546
0.555397339175771
1.66716049042702
3.09238923415694
0.968850616415741
4.27664507362947
7.50637347242155
2.75954311744883
0.743618594068425
1.45485181999663
1.47548924354084
0.676145071487409
0.550938592707039
0.869564000503731
4.46392465448712
1.12169697575956
2.13052390803117
0.92166818454807
1.19390861579194
1.36410327561492
1.95071872120741
0.545473547837843
1.34779887537499
1.14300546231514
2.46774430083292
0.903055596663566
0.781795430365458
1.63787087019807
0.571812700963048
0.516262212801208
0.522684099301609
3.03723871827897
0.679832351695458
1.2047429225763
2.67667945705064
6.76347706119114
2.55763985200142
6.84498889731013
0.861067272716279
2.19495960524913
1.39905593884068
1.14648245753849
0.63524492263814
2.9578428170169
0.669940975808741
2.81179087980656
2.55537367202317
6.52981991886001
0.541555747251063
1.29892810524587
0.501062283891218
1.3459465378047
2.55295216656757
2.28724716387134
5.56323944889421
1.7953695131838
3.38714667408905
2.33351792200946
1.03593101072108
0.655272328383578
0.683219590073808
1.34430700521696
2.21087382604517
1.12752989381872
0.542726905907458
1.74890421156396
1.39157515393767
1.78581976623211
1.71397660559767
2.53574417193662
2.31815577887242
1.23933974891433
0.59565991604986
1.07296290269782
1.19380733536602
3.50309791943506
1.049292449826
1.94405604175261
2.35801938059453
0.735466509404767
1.02588486233879
4.28757391832778
0.603931721079397
0.658598820541858
0.79171305866568
1.77166566580055
2.07540299913078
2.18102336121259
1.53807027068459
1.14980789779278
2.24116762122652
0.539443566076732
0.811032397786653
2.13273415421847
1.5088695314029
2.15417479945211
0.858194294615595
0.660327083864629
1.66930522044837
1.26107970702482
0.668154809517203
0.83219264263855
1.62862602146193
0.624892970771083
1.37589650507644
2.38913392727078
1.85403972207398
1.12483048250526
0.958713352564927
1.19242116350923
1.69323794614889
0.803445359192907
0.89832728766281
1.90741372921236
0.84020357189373
3.03890534298369
1.51884125326097
0.990572181554721
0.82850253223577
1.37743482200336
2.18177325120038
5.27122519643322
0.864805535987224
0.617246221884055
2.17519603341535
0.733595771634928
1.66799078328163
0.592274768053328
0.948103904182349
3.62678327972376
0.561031120772041
2.64398110996607
3.28460242621605
1.32484752414784
0.57183189446973
0.551398803933072
7.6469905326083
1.01162804377508
0.898657941604042
2.41933507780917
1.25600721868881
1.16076191718644
2.92073293610083
0.688986618903291
1.23187021023278
1.15900238079158
0.611700511824463
0.672885942688667
8.01564603993676
1.94593920852937
0.924905962871863
0.65988411126088
1.52586591449937
0.721872429844718
2.4626459183029
1.02419415991297
1.11870494675363
1.65311546731529
1.11718669354361
2.1209961356856
0.582405839579492
2.91456038002173
2.19262851623427
2.6060480364821
0.673761902841773
1.6940299710925
1.01894619428389
1.14181450339887
0.85905721004942
0.631129684099201
1.55329475583731
0.670946261507281
4.4399678074889
0.708443160549813
1.52880617557091
1.21813809322641
1.24361963724847
1.46771755156819
0.768445477850723
9.06941171433033
1.21514046565445
1.32103459702411
3.01036716795636
2.17728464657418
1.03867852791298
2.14665693221306
1.31513330080911
5.2732703278008
0.575982906837839
1.26141133256941
0.636442299840729
5.47294427814577
0.711715130651299
0.842189999399671
1.26640821219783
2.23297397376436
0.59549134502462
2.846672306097
0.689288636274015
1.50088257390647
1.13762736351851
6.18124034436911
0.852414149670067
1.05741691366415
0.670611624027097
2.62920363458831
3.14206570696564
0.940331852632698
1.29953190168571
3.63322437178601
4.73019476341744
6.51031084464036
1.19587219329262
1.86523421543206
1.87951155755461
6.67323322864349
2.76166856816538
6.2003155836036
1.572967197412
1.05188699739685
0.814944131909223
1.82261043472078
2.30807122615519
1.4599859729291
0.783985227756373
2.3088938937848
0.68559806593997
0.544923979677812
1.89788351142833
1.48724131291231
2.66533398097642
2.63545447955951
0.500488917724329
4.6441646159569
5.32883598568481
2.62538088397814
2.07974019074293
2.23055930745161
0.943419942379412
0.971076420638848
7.85049674074435
0.71776514393836
1.23942761617835
0.681209767091674
2.27009477632285
3.69588213920843
1.31195013857544
2.05487199511701
0.933076724165991
0.531668587092159
0.643578384544817
0.767823517055745
1.13016559501136
1.09640218170919
0.609686261717347
0.617940890040941
0.927629546763775
1.44991043210914
1.90170364197809
1.87803246422496
0.698917411471493
1.35761633746635
0.994101569865484
1.49951445037733
2.35304360537362
1.81045790150567
0.685842365823612
1.40095488485749
2.39275382153788
1.20723245362917
0.51008439187544
2.00557704155479
1.09959905678528
5.39170824742467
0.601935125057593
6.87002924823227
2.56458961225272
0.537504389835843
1.59617587500347
1.63594354512179
1.20394563956877
1.28245042765208
2.91178947169816
0.518391266089589
1.27060976345229
2.27420107418517
1.48909619789844
0.704244346257071
1.88699163324685
1.52595320256819
4.14290669760848
0.90419523300426
2.66999621533752
6.60366566007721
4.02779197307982
2.13481481510113
1.36642792211506
4.44982586997483
5.23107936499535
1.65131380062756
0.551662777062779
2.84324867391302
2.45004339473746
0.815870250525752
0.690242277439233
1.68277627289686
1.14718525871936
0.946930366928501
0.710893146387472
2.25179460300663
0.760567032476185
0.617738663631744
2.75923757996997
1.04177251614491
1.82870891490417
0.591214669929223
2.15332778272817
1.14412125144886
1.30572259987124
1.14024692033895
2.39940276077906
0.776254508280613
2.125427831019
1.48410767606286
9.70458623360804
0.733312804610579
1.50532795507538
1.09709169277185
3.59235281121626
0.620853858065188
5.15135929954652
1.40381180149372
2.18227843341606
3.01215989872974
0.777085355480181
2.855980030482
1.60577464030681
0.546504180152283
3.55917979003206
0.613370269664755
1.42960348894805
5.29759540988189
1.13403542345534
5.48760804889757
1.84643587063011
0.728374369290815
1.01144817956028
0.850891834893728
0.516254818635084
5.42773372688288
0.68444191601977
0.953727055687389
0.616299394819785
1.27050953889273
1.12375078142166
2.21653612829302
2.98524247509414
1.79343297733211
2.52851114513564
0.874448513071695
4.89921143752068
1.99886422594203
1.60194650429851
1.10556768042217
1.50268234586825
2.61925622898553
0.959198041943214
0.680193280278486
0.560718341628996
2.19293562222273
4.83176541018045
1.08568602494861
1.42810644192505
5.10154992115788
2.07891327917375
1.12014227679073
1.48422123618415
0.736786382047389
1.05442800904934
7.80303542493111
5.00020778853572
1.88356493930221
0.96662659230618
1.9977145407595
3.18899547310531
1.69925342847496
1.90370431281921
0.844395559266259
0.512759507988543
1.7774021600595
3.05058035520597
0.774372307782726
2.41704590422991
2.91884822983458
1.19072199261624
0.721053917163736
1.84252366882502
2.05296602106029
0.876539820778084
2.00990472141157
1.6366540138982
1.79277052120655
0.537641385401638
0.596114816367712
0.585518422427405
5.2609463624627
0.617222846727375
1.29495858687585
0.862658815597173
2.37696690855749
0.550215769108874
1.40123997841823
6.57428769463805
3.30025179255007
4.94716904744514
1.60274884037554
1.45518904519686
0.843816546183143
0.73651896240665
1.09086296366753
1.38471478168866
0.806981365610865
7.91098605428568
1.18955123396097
0.956207263052387
1.34905539248408
7.05807257903371
0.636519134768414
1.32942595659825
0.919863656299089
3.97450509897199
3.79896869795216
1.33049117604958
1.05194982213217
0.746577391332463
0.693068904488897
2.54961178313177
0.781031749786953
3.72493968273303
3.66602611591572
0.619504506022206
0.532059161409341
1.76227633479347
0.666845992800139
0.682436541444949
0.567551110637113
0.631975435398426
1.29529592771358
0.700489866533663
2.77179683158551
1.17444100211773
1.04055681303619
1.63012715866185
0.649807193746036
0.778768521668717
1.03031781948396
1.64695734130155
7.00122357608667
1.66835883475762
1.04988930318605
2.39780544195581
0.506551108031129
2.18155224209863
0.84960187668069
0.931558977137729
1.52080525711706
0.721579468526687
0.935202648893611
2.87016625056608
0.92858355784454
1.09412131475696
3.22476094526399
0.548482876654675
0.713515783014352
0.854535173463368
5.25852344408545
1.7350055472812
0.858169153300497
0.960057307175285
1.32377500697106
0.75866509430325
1.79378826216144
0.654546433922119
1.8996648174146
2.97800906569922
2.93755619926812
1.24940045383786
0.990594955552774
1.90006504792427
1.310456574113
0.811655576308115
1.23118372639467
1.98523440180287
4.13928164474819
0.774529379602256
0.872767950352614
5.48984094495288
1.84628140978267
0.707620024794236
1.38583268816192
2.76239326662142
0.555006157390892
0.6254472718386
0.793202612160809
2.04232903610695
2.87675389940788
0.734494842282725
0.672931092277493
1.90440218151057
2.27427317668473
1.1769871806732
2.30010513797941
0.51338679912498
1.63922308725629
1.79356943435935
2.04478814946947
1.14649475827112
0.592915310366964
1.49757583674259
0.911813340939011
0.753000971285684
0.92213984801868
2.72890819182936
2.61565895593362
0.556060519616486
0.827746296069649
0.862037538830515
2.20674146818138
