1
1.54177935478771
1.61369658791139
1.66016678305926
1.95895269651456
1.22784877359216
1.25264664889402
1.36210831139162
1.47389621580873
1.94301791848649
0.94049452570035
1.04148543239401
0.837849253275059
1.98309714616414
0.399214914385133
0.100680704010374
0.100308786512718
0.106911781588505
1.22730247661279
1.50730754306988
1.9376170304944
0.82155497042053
0.143362052168414
1.07253044270523
0.820417715716048
0.852797035389663
0.229705496363754
1.81014495944983
1.11851371953511
0.501348275301664
0.91459397652506
1.46625527378732
0.671019592001842
1.45575498134638
0.452115984047087
1.28822730538917
0.957376382834097
0.225608875699854
0.314635737658965
0.893210398807986
0.765097814529798
0.914860991963921
1.0393957800039
0.841196227574681
1.65793921288125
0.656735356360937
1.4627210211906
1.40457915591189
0.388743271923481
1.26384045748311
1.68967429845366
0.101764481739084
0.100040888710013
0.100350350571556
1.01281305613296
0.572348621709342
1.87236737795264
0.906648945093503
1.80922275403871
0.863353539706003
0.774423124007358
0.408775989582251
0.478456784751621
0.892189712901372
0.624003776964831
0.914337340983713
0.483666460508003
1.26614547217415
0.527830170934772
1.03795108811594
0.261291430531225
0.122913541463537
1.00038403311223
1.24308178146268
0.783641621101013
0.483059180166154
0.532668131695889
1.98856161785353
1.52742770488592
1.40052699465442
0.574677439908645
0.360768570030702
0.794773749878831
0.172994078083239
0.814671585725191
1.41033734702592
1.86352072021567
1.99355115426083
1.1391690638188
0.855027204128461
1.6737000815604
1.06888665031143
0.865887791120357
1.2031071784833
1.94501360468715
1.82388252958207
1.94818933478675
1.94288116693057
0.934059414471082
1.26682005403971
