500
365.981165075652
1075.43747954809
680.363933599495
882.287213949504
613.356722988132
365.965450932698
622.90382866658
367.841272806928
1286.34695734275
84.1169486022883
71.5134435277109
699.131617706174
1017.51793844988
144.425313153033
132.552387833218
220.336731763322
360.6325033083
513.166210566342
346.814459255014
1444.98697957146
1062.23158966105
528.682992174752
518.08891070868
1459.39329230951
349.829992731397
846.082578682221
1100.05275057094
1469.33051282083
961.946192505509
537.65936680274
1022.60022278
74.5202401650049
1012.49454019569
1233.31509541756
192.91954678428
498.750920308358
364.268019308416
196.151119881178
449.47666811215
1241.95814251507
715.467896223682
704.735140499339
1148.74993053378
1412.27456342603
1296.80823680033
424.331263725954
182.296763430508
607.868633363228
691.297672930062
926.593401045939
314.890640763347
669.523472176785
644.097905702709
551.785141303336
519.761065719322
458.205702992816
169.905321002254
307.752032279415
1300.52551708268
956.456378837313
411.46916112741
790.58734084493
420.162439264118
737.947454978875
414.323520862326
92.2670594633565
323.478228064228
316.165359297168
734.161733126181
1236.27881793785
1058.59347105697
777.65866785896
787.979766264193
16.0796406676977
74.7307933687045
67.3583671421843
1335.13205333569
468.330591378435
335.270566789556
1130.32838856342
1238.41723781425
198.457279461156
147.007751830093
361.722586249394
1302.90168664795
1414.71735671767
572.537093226932
48.8316289974107
54.366334341712
309.203576587907
706.461901602825
110.138379353128
942.605954087772
1099.97840255214
396.957997007675
1398.51888083552
1173.69877577192
1353.89128977662
1472.22778208174
